"X1";"X2";"X3";"X4";"X5";"y"
-4.9904371486262;-2.63376249803076;-3.33634917100282;-1.0928670211286;-1.65666644955783;0
0.0365903045139611;3.01585844527899;0.671523749238302;-0.13232099725616;-1.1145901044394;1
3.83839624649754;6.06874695167091;-4.32319588080791;-1.41489046210535;-2.08972957724539;1
0.62834948832137;2.64221597369856;0.404686933063448;6.03501790872832;-0.0348575202976706;1
1.78873150563955;-0.238233485782348;-1.1295955633714;3.42018833538453;-2.6532358464139;1
1.44687062441213;0.955841242662433;0.105215039243649;1.10705389715679;-2.88059413049491;1
-1.29809040799791;4.57796447660031;-1.63832939857867;2.87974015976184;-2.2799973243153;1
-1.49941952505458;3.91084580495539;-2.46650669660576;-1.56918879932929;-0.913477260436118;0
-0.632798881735198;-2.98147236152004;-0.615830048696044;0.184398882080308;0.7613799095209;0
-3.49796043076079;-0.947447683193172;-5.26407360193063;-2.38588452680334;-3.69009532046034;0
3.71231275217417;1.76698456875776;4.05049725616546;0.878617702925245;-3.55042219116887;1
1.99071207770251;0.70730045056246;-0.474425361819682;2.81988197579796;-4.17002947025829;1
0.0500559515270557;0.332205207022542;2.92989682276894;-2.29802125171516;2.0421244491867;1
-4.6808457119635;1.6623323745276;2.9011733985006;-0.160040441712458;-5.86252446209632;0
2.01031783826576;3.17840522973441;-0.352661517715722;-1.226184494237;-2.21545423163657;1
1.03517197055568;-6.58179166934834;-1.6277405128801;-3.14677926461516;-2.43732505125584;0
-3.66807560624874;-1.06797496567042;-3.74772366764952;2.39223768121463;-1.33696377725766;0
-3.61892282981837;1.68378352535894;-3.67349943866301;-3.0232588908756;-5.7974344328857;0
-1.27079860329321;3.76544717839856;1.72805810375106;3.11093459564906;0.505698826046887;1
-3.5186224100656;-5.00747386064595;-5.17945068696047;6.1680943270594;1.41954061724071;0
2.81075256441254;1.11601321714914;-3.60748164986901;0.566433786507587;5.38813892319918;1
2.86803886179317;-1.9402507429715;-0.512182683075506;-3.57287610438891;-3.02878192244485;0
-0.14115284325875;-7.19732252258083;1.65097226519463;0.970347868997704;-2.55126689763998;0
0.489240381665973;-1.48286200089677;9.39533877428783;2.57502707065549;-0.482526099916317;1
1.90619936887334;-4.43648603876841;2.35574493677843;1.65946525876045;5.91775350321541;1
-1.88250512380857;7.00434910432729;0.370070491468391;2.53775154814627;-3.2029691819487;1
-0.456174825398121;4.41440723750531;-3.40218155915747;-7.76155895233092;1.78868020474163;0
-3.28510643161727;5.94254220245085;-2.0921527729121;-2.88550802398799;1.4159246886912;0
3.54143974640192;-0.26500894513875;-1.83335309884066;3.33206201511091;0.929310660302774;1
1.04125340458096;-1.48925656558406;6.80295794024189;-0.751691790469606;-3.0413047741865;1
-3.33549936009424;1.86499084447084;1.29683286652141;1.35259117822427;3.53984373118566;1
-1.46893951797134;-1.94960013637026;-1.67243888433287;-1.79973358409722;-3.2803825045992;0
-2.08783813126447;2.40565525349267;-2.87635771495131;2.1008842779091;1.10907194045798;1
-0.603904520288583;-3.65860477096103;5.87954971695596;5.72520121302124;2.69889728599464;1
-4.8758406562758;-1.21824885175183;3.95074523889684;-0.350177144507779;0.917758294421817;0
-0.640251878447895;0.678350955380662;-0.844869143766111;-2.16920813260112;-1.16950619564785;0
-2.47893437959224;-7.4677263600918;-0.427932877081721;0.0206354339437007;-2.50177373724055;0
-2.38308931825616;-3.85872199073728;0.58074941713439;1.98480003045832;-0.022128916979135;0
-0.723430830621918;-1.9371984820933;-3.73832126094533;2.2111207613371;-4.42603678336796;0
-0.764336902915893;3.0660096060818;-0.373770144235964;-5.88031347035771;-1.71682855240184;0
3.23529347399514;4.85161969712621;4.896021319756;-3.85282074213182;1.40074682135939;1
-1.29719038188313;-1.24759662507315;-2.12713665703986;1.97003690310266;1.90566651865476;0
-2.12400342696187;-2.90224507524199;2.16637465310847;-4.180460213244;1.1123667204361;0
-5.20608129181557;-6.16000345915288;1.78874591015797;3.1727250114988;3.65673946467994;0
0.630069224277836;0.113616724906868;0.653060223613141;-3.04743478311422;8.29482238660287;1
4.02006428696432;-1.75869797658819;0.505863750403911;2.23298545203825;-0.505223563559806;1
-0.217786492179856;-1.0772352584427;0.830863436021816;-3.14659472748012;-1.75342115723971;0
-2.3223228040442;-3.32756884996581;3.55475819487038;2.34553437400948;-3.73214782124768;0
3.01775812058038;-2.44593247199025;2.42901978762343;1.02205493780756;0.0182867350114512;1
-2.54913226677517;3.57220528039774;3.63365006609028;-2.3083079963992;3.86426297795346;1
-2.53769668103981;3.29701164307918;2.30807516772235;0.643801097848136;7.56053922160122;1
2.36209717576739;-1.6194182559854;-2.06643113211874;-2.67919015862272;6.92347885431688;1
1.7177054579775;0.100404556844047;0.286069904994091;0.762252612645152;-0.837639622114766;1
-1.15750128279413;-4.5740649452378;-0.529255775423345;2.29758107831905;-4.20288055400346;0
3.50690162880278;-0.234539769670819;0.922195788207515;-2.12973757089773;-2.06798037292923;0
-0.709092535154424;1.85130111545464;3.61267425602125;0.991680286413999;4.04811178332193;1
1.61963255265325;7.18155728735165;4.33022022276056;-2.10933361073708;5.54757293423784;1
-0.181873514158911;2.23929931475139;-0.540469865701558;-0.989613650296088;2.64402617776497;1
-0.838498208239051;1.88511993401317;-4.13203884416406;0.358962241436456;3.78324647787391;1
-4.62049981423757;0.482258775481308;0.448626271001016;-2.89484668778535;-1.79978864753985;0
1.34111815497322;5.43280602894359;2.97488781036612;-3.33719135010315;1.54908845935309;1
-8.87925892519437;4.34485638982487;-2.45142369702752;-0.309022290699386;1.37595433362243;0
-0.00904378427675879;-1.15880527628549;-4.04341945407376;-3.98203042157804;4.50152250387396;0
-2.2872051475023;2.83860640690752;-4.81175923872861;4.20671786346302;1.49772397965114;1
2.56713450022705;1.09571996524872;-0.373779159160162;-3.08166070504806;0.673055649185775;1
-3.17112396270575;2.12191648045146;1.61576982510388;-2.39701768471675;-3.93307701017723;0
-1.35910158740946;-0.412296498975428;-0.736400637967011;2.51674123661062;2.89826154933589;1
-4.01305519815317;-0.895771721612274;-3.04938869547111;1.63268578916044;7.33605942475555;1
4.64627798691712;1.48220452004541;-1.72689425629896;5.44292760605668;-1.11711204489182;1
0.585683671343889;3.07967263930433;-0.855308571489795;5.08240607226;1.62926844142229;1
1.82781280366236;2.17682636365752;1.77073044060409;-1.97550392291565;-2.27744598385257;1
-2.72237273626938;-2.23477939462525;3.44676737916179;1.8833637744484;-2.0329495096691;0
2.01805329265838;3.94223369512776;-1.06503795220171;6.76052585056557;2.68276580302447;1
-6.67114857838356;2.03638632472156;2.18732850407237;-2.22622102101195;-0.867297686174679;0
-1.02111005607442;-0.881877543503519;1.44901878409065;3.45063487429449;-0.0726969547286412;1
-1.96522744284953;2.93027093042192;-3.16155587867802;1.14102106796374;2.14638756880481;1
9.10273618180726;-4.73828025300607;2.22977392640662;1.41440937097624;4.64875135755026;1
-4.49661863334162;-1.32478187081916;4.10574040862312;-5.38358451406275;3.10007681671023;0
0.606938455742205;-2.01479641357624;-1.29637580043367;2.60040264571776;2.31693810605321;1
-4.81375025261967;0.656341789755378;-3.41235442499166;4.1740435993602;2.23499199959313;0
1.16928901384829;-3.70789114076027;-1.55049788519888;1.07592924354002;-4.99635084215249;0
-2.22995443148225;-2.38409539555146;7.14809119479166;-1.49947456548395;2.27376293453765;1
0.0172117909394276;3.11817252749709;-1.19602440368037;1.77574106614579;4.58456601387702;1
4.35956366468228;1.72055414797348;4.3075808413761;-4.69000120286872;-1.23858977849669;1
-0.132612722883426;0.58634690575022;1.29398149833801;-1.07847400244223;-3.35048635380065;0
-0.528582690239324;2.739507062371;-2.24779468990693;1.4501715676692;4.11390391982179;1
-2.03651009269948;2.53513071260671;-3.23818169399989;2.02148836592292;1.22070250642443;1
-2.14185481931891;3.12612574266649;0.38133136638163;-0.469304615077191;-0.397049467493329;1
-3.71685736056183;-2.28159622401012;-1.19145367825301;-1.95370013495674;1.97092578124569;0
-1.90083761849452;-5.34312816510039;-2.20147174073303;-1.19498523511941;-1.80145586921883;0
-5.83631994192557;0.313307665539862;0.781561188269645;6.86614463627617;-0.94584920547504;1
-1.93214190659371;-0.114632412087609;-1.39467041260992;0.761797988983936;2.80713829341491;1
-1.26507635606202;-4.52610775485292;-1.2273455801797;2.78990198646556;-1.2548031962758;0
3.17381220272262;1.90349391297029;1.07862371746334;-3.72816716278779;-0.679337906551985;1
1.22868419084221;3.64815469204789;-0.829420176015521;0.932959366026582;-2.13812905663294;1
-5.68850626718469;4.27971553187707;-0.840662784309596;1.11519836602855;0.0606027615359571;0
0.36127818378711;5.50743299330719;-4.66510264758804;4.98545712539451;-3.47201000517118;1
-4.61790078290862;6.08998271118259;4.40082720099973;3.17966635257371;-3.68518590525622;1
-1.34237686493482;-1.78598754132524;-0.0330235457265345;0.059856117201192;-3.30087172995643;0
7.44524898738049;-2.66463354626614;-1.50914705748209;10.6896524372231;-4.67372357127732;1
0.0185760598453691;-2.1364250943853;-1.22902732012349;-0.691314319073605;3.78216793002727;0
2.47160901567127;-3.36425114569959;-2.98567981202981;4.79132790572773;1.10913954628214;1
1.45083060637537;3.29604152461147;1.40538850571672;-4.11648745992894;-4.77161547542317;0
-2.03751443294711;1.4764641529391;-1.9747607833305;-0.643027373409562;-1.11806279170405;0
-4.21319442242161;0.325061218781761;-1.72004402767239;3.84703418917647;-3.88695919715192;0
0.827275952890249;0.854096766266877;2.65803425822685;-0.266996577695596;4.73784772895557;1
-8.18559263045918;0.154560732190891;-1.48798163778513;6.89484808530845;-0.295028290460983;0
-1.17429527828848;0.66488052380299;-7.36809288652889;-0.897865298139317;-6.34769189282587;0
1.79262293980087;0.865025239462177;-3.07868494387037;-1.37683088419633;3.97823522540311;1
0.420434810167129;-1.27634587678148;0.433120248207493;-0.638831715627215;0.271582929089894;0
-0.297742561291186;0.161884833547803;-2.59446899577355;1.06875049931732;2.88060835465932;1
-1.38103881191854;-4.52700450106064;3.20265620442302;3.0248568776738;2.39102855176509;1
1.70602880125271;-0.957915761916202;-8.57677490206884;-4.29989272225597;-5.79664803704692;0
1.91133981420152;-0.690581309491003;-1.44281215608672;-3.01168889373426;0.817824570180601;0
1.62608250235685;0.557792852710664;0.751884938989643;1.53511078146706;1.41727345957382;1
1.10780623977899;4.63717120694615;3.04627692112693;-0.339832264722792;-3.81753162755137;1
3.99714637660182;-0.160081904565902;1.87300967959718;1.15261429271392;-1.51853512800833;1
-0.673115423427386;0.0331331134052965;-1.98572993661354;0.267320502360934;-1.84308761956285;0
3.3089480605656;-2.45690866567561;0.399278530618545;-0.346724744394648;1.58530402761757;1
-5.36121427306406;0.0653882851468723;1.47715327699468;5.58832771750532;1.55864647252246;1
-0.65586500630466;1.96641462483569;-0.209225964961519;-1.17644022771508;-0.936607760978356;0
3.22827087747471;2.63139837172588;6.891320432937;0.54230921273214;3.40884617524205;1
-3.32087632377641;-1.43476000611454;0.389721388452757;2.22576158441048;1.07257438246149;0
0.601943030555335;3.51334160708601;2.97626361157763;0.672505299589838;-5.25768817437516;1
0.0315364096100818;0.649027516235346;0.413429571235989;0.952133618154291;3.80148547604246;1
2.00508327872128;5.23915643303153;-0.285560414189315;3.23146736320371;-1.99615149949714;1
4.07607943087949;2.16781813231744;3.46001504045481;-1.40452623904254;2.32960060675182;1
3.7536858208211;3.92687275878887;-2.56095939339118;2.35950511329282;-2.2950371862686;1
-0.840645248953003;1.76637164250273;-3.92514832633862;0.792015942964985;4.12531329767078;1
-3.64159340341707;-3.54911673598667;-3.89091974125729;1.80727785958941;-1.40666282888713;0
4.51940227347662;1.3866935825297;2.02475088934697;-2.88106031567122;-1.74363055057839;1
1.21646590183394;6.32287338285674;5.01204733130464;4.38877188534913;1.57612779454225;1
-1.17091548187543;1.20079179511572;-2.09187884789803;-1.56390497099892;-6.23003220944794;0
-1.8221094314662;-0.0348485716489408;0.905419782595079;-3.18692481919283;3.53659676973149;0
0.378803172242524;5.61504321923352;-3.77261352456243;-5.78529528877146;5.67918704081984;1
2.79199110520753;1.36838483603011;1.46845580551957;-2.38727601285174;-2.71625413894635;1
-1.3483514526322;-2.87658093592445;0.617011534171146;1.15378862892054;-1.86981677622073;0
2.26965763581671;-0.682229425445365;-0.469685587218898;-4.86031456229393;-0.910593131254337;0
-2.88716739997185;1.95619880604699;2.28036007644441;-1.37931356755479;-3.03954393480542;0
4.61701805305246;1.95267195636941;-3.35090569586576;3.10433969863117;2.97543928085692;1
-1.53190599366682;-1.78944986191422;1.52677363664427;0.744829119749703;-0.256287943788464;0
0.0733410582644315;-0.242802990594297;1.60561126785168;-1.24210784420979;1.40698352782463;1
1.24592853520758;1.53113795703491;5.83923441799735;-3.00774959891163;0.215179094874139;1
-2.0517370138512;-3.1120254044882;-1.85471862531335;2.98164347620087;4.25544203986253;1
-1.27126261298833;3.83016326446315;0.19425776165346;-3.37897664140798;-2.30290626060256;0
-0.0582220041141949;-1.07980272227789;-1.01185818531874;0.989454050772764;-1.73939078254547;0
-1.99830717830041;2.73246455544712;6.15791290950853;-3.43230454028501;-0.656183081185686;1
5.3370146034627;-2.03573630438299;-0.55766579675708;-0.413264139719925;5.17212714825174;1
-0.525027515837813;1.18469291405299;-1.80456110972011;-5.69278482037495;-0.257144693277446;0
-0.541847286929869;-1.98387237708022;5.39621451427525;-5.52011454866423;4.00811853721973;1
2.35039221045928;1.14449403705296;2.75953039791029;0.304061452307406;-0.868458859086984;1
0.0537725381879261;-3.50085840297625;2.86144879927472;-0.310543324690862;1.30372393644232;1
2.18242357398619;-5.17929129782375;0.182620284251657;-4.51807265223792;2.19243091752766;0
0.290948226231031;2.47715874396419;-1.65208329522506;-1.84312346658279;3.09795075329637;1
-4.20639313712195;-2.26916205034963;3.10672058995257;4.82115510796408;3.11829720930244;1
0.671195239496644;4.29600817996905;-1.17538327860139;0.726374646769599;0.724432685171102;1
1.553839247843;3.33810201104349;-0.727945402035935;-3.60749343517138;2.14320571233428;1
1.82397158787485;-2.64040137671569;-1.51687386416659;2.16948390675789;2.5736952694267;1
-9.49906457712342;-0.761398054404303;8.04845311817762;3.41428442249665;-6.6870406603532;0
0.774282098843914;-2.9706879948715;0.324631724708666;2.68994874358741;-0.191244157160624;1
0.439559529958629;1.36463865531432;-2.16528199950036;-4.7228041722011;-4.11161074613341;0
-5.26252767984859;-2.1959423383716;-0.753107578899095;1.5359780027852;-5.69453563324776;0
6.08036791064692;0.667593056541107;-0.191813039098613;3.53392049918428;-1.19478915405293;1
-0.765507481014023;3.29797817705738;-2.70965717784116;-3.40154032772914;1.0984981744525;0
-4.73000421797173;-0.538149557436923;5.15892677523746;-1.12632444337064;2.75807034562821;1
-0.29437127874189;-5.09194921298491;0.0284643035126037;-2.72966550988142;1.00499432258952;0
1.09037528421769;0.838831591743744;0.78722715414639;3.8827708621019;-0.715076673999677;1
-0.161743881202757;0.103215692266253;2.69469088901357;3.82394860053534;0.820657860772513;1
4.33140149200423;-2.18062851838962;0.338458744939905;0.788015156713648;-1.43038236484935;1
3.94050463668583;5.38812189637894;-1.84676220645128;-1.71659683194225;-3.27039909287126;1
-0.187180837830547;4.68326075736556;1.77776533384875;-5.42084794026856;-4.26040650878967;0
0.2495432637347;2.1353298927308;-0.0431337956880511;-2.28162000461123;-2.61733048417615;0
-3.59011761700701;-5.70453785621785;5.08274598974724;1.18570885167058;-0.701649361762964;0
-1.0354525908925;-1.02207028524247;0.541785441151039;-0.935718421237357;-0.409247373537362;0
-0.0728604165086023;-2.16781829159097;-3.43369423740567;3.17788618940467;1.13569661831105;0
4.44666604402449;-5.57186202392758;-3.33222259984723;6.79013385042436;6.12651615305976;1
-0.956501988012559;-1.41339012001205;-1.14316049982425;-1.03060818840085;5.4230499305139;1
-1.64093418105117;3.62360906641465;-2.64056471938221;4.57157670603676;-0.524897090902175;1
1.07860189168062;2.64959273739326;-0.347809706940378;-1.81700536047281;2.43765085028115;1
-0.995411531090468;0.556535396072335;2.14500842874239;2.57006374580893;4.34638647654735;1
1.97024605397111;5.15948971407709;0.967838014703685;-3.75049296391627;-5.75961200285239;0
3.78965182640354;0.67146583195751;-0.606255747164567;-1.20676954642947;-0.977056333892043;1
4.77662709475837;1.61828797298743;0.0416155885559734;-1.0364464808789;-2.33713745017994;1
-3.26776629280667;-6.05214089721735;-1.05361840804225;3.29174385349464;3.08282608676074;0
3.68955618986812;-1.06094336135021;2.60561100078817;0.146965919564518;-2.29684256345312;1
2.30041489191083;-0.666389012010553;-1.48300324828905;2.45420853208212;1.93252076016265;1
1.7797074619384;-2.40853570190062;2.26458986613017;-0.382844256405612;-0.62385519413397;1
2.61875029267577;7.39248016840381;-1.71425751886426;-0.601096129062247;-0.48750754254059;1
0.792377912619338;2.70205216918703;-0.677891326034618;1.13021173715847;2.62814924451529;1
-2.93454405375475;3.21648278080701;0.822730159443289;1.58311074094166;-1.82546407961425;1
0.831483812703891;0.746723091610978;-0.988499267245294;-2.89887724892248;-0.65804617498453;0
-1.82788940849345;-2.1323048353241;-2.52721922780764;1.76464709838771;-2.11433253957444;0
0.646646651388745;0.392876704274908;1.6582971540436;4.16389672325264;0.675974836928682;1
0.204003477543075;0.656407027265602;0.876608630803211;-0.873751080686056;2.35449375733172;1
-2.24313467397933;4.00825158381455;-0.656630779901408;-1.59298922593053;2.35866104854454;1
-4.64912231006916;-3.44825864097011;-4.42265382683065;1.96007114555905;-0.425809062658122;0
-5.94794047842285;-2.32214529226467;-2.52691691802633;-2.07487307432667;3.24129014762084;0
3.70503708311154;1.9831737604217;5.74448282981653;0.679307027511338;5.78152214410025;1
-1.25864753708044;5.0920887888789;-4.89940742774191;2.33662934966363;1.49974376266013;1
-0.0337645293241281;2.8908579800256;-0.549190166579413;-5.12919492915936;2.00904124826699;0
2.20582495554155;2.40650651015026;1.78144142481686;0.684958786834298;0.356446416224934;1
-1.50100778406969;3.9089655993572;5.02854502952461;4.19312193597292;0.399386437201697;1
5.25676709022218;0.695184736140789;-5.25169792454399;-5.58445512622186;-0.534301788789344;0
-3.1886240751197;-2.90697026092588;-3.25868041834269;-3.22398340857597;-3.21493474374041;0
3.19874336058023;2.97664986024871;-7.94227749774161;2.31273857969023;-3.66799808273901;0
2.72940537604435;1.97266264214228;-1.19920961789524;-1.72308703787705;7.15354152900788;1
0.844761922902525;0.793721679662092;2.40162262747118;-6.52173718030755;-0.933560345405899;0
0.249061671340903;-2.4163275782613;8.63629007601201;-0.591980770898861;2.31611915174995;1
-1.1488999425223;-2.35435144071924;1.90046552293925;2.53586486250709;4.70370796953077;1
3.17631962554048;-0.806949749385265;-0.95130601150815;3.87907713230281;-0.961730983029913;1
2.59766727051995;-1.01525629971662;1.05068095000298;-2.53229172577935;-3.19385755311197;0
-3.59592942882774;-0.423112246172807;1.38352431322541;2.35370495399247;4.21644110483398;1
3.4316924101723;-0.515290383890683;0.632589316609119;-1.91638531326944;-0.628175032198056;1
1.05643925117527;-1.74721900148051;2.69707013370672;-2.61407175003892;0.903326191180419;1
0.270408872294936;1.31376002624708;-6.73317235142467;-2.04563405153521;4.41547832960594;0
-2.12286343939019;0.464492972919729;0.548520453307552;-2.22906863334894;2.61008551966643;0
0.332546321218959;-0.629093746182911;2.74846883096495;-0.346490747934423;3.13242406614564;1
2.66190272419143;0.95840307292116;1.90191847454421;-4.71265091653271;4.83640780950246;1
-0.795512735085757;-4.08053141865315;-1.44795296255383;0.0839067693953449;1.09289006910703;0
0.235495151963952;-1.51461169324605;-0.551417641002645;-0.171203698621926;-0.673795259312036;0
1.89230505242032;-1.1493967214642;-0.813475116715106;0.195257883997915;-1.22450026095324;0
-3.15928955756866;-1.1394708493193;-0.954697503580959;2.0458343878109;-1.33603037707918;0
0.769669027598792;-4.34310493771444;3.69584896389525;1.19200550522348;-1.04660161964147;1
-3.46000998468194;3.27815101033784;0.390671912535187;-0.0287548421996129;-0.638039030791443;0
-1.69373913986245;-3.99840342417247;-0.0590787063684446;-0.25492190653145;1.51383036352475;0
2.57091616933496;3.90754531040952;-2.04772769844803;-3.72227038535295;-5.64663890981826;0
1.8876717110293;-3.91111927315793;-0.331487687534254;-8.70227267888372;-1.45528434568464;0
-2.85465543670157;-0.438104952484205;1.93380156823842;2.13621156940854;1.14197693808549;1
-2.78020631070878;2.44509339888433;0.00206010833159381;-2.28184847684281;4.20829030802627;1
3.91418147145467;0.642452240199189;2.51685167154444;-1.27634402624684;-4.28111019898715;1
-3.66758031879275;-1.38747115201717;-5.60165758667068;0.494846950594202;7.76385388799085;0
2.64271946160561;2.94261336554162;2.22373050205743;-0.788225866824264;-2.78537283906019;1
5.09540751194157;-1.78965234201931;3.35212416464587;-4.63249362367159;-4.21328647442674;0
-5.00710741665601;2.03654777127358;-1.21199529561879;1.04043396511708;-2.37488194329787;0
1.92804535330265;-2.77346188758622;0.531492234396033;-0.873211246063579;-1.38363110953607;0
0.398886177955951;4.39650633635409;1.94906004035088;-5.18154795285345;4.35602514869673;1
3.1064152705188;-0.928287692223442;2.00843266256109;0.500027684366725;1.4768865684282;1
-3.75427471603895;-1.29933872924978;-3.93872541069922;-3.69526982718487;-7.72995049349255;0
1.75923111077904;-2.8679291408565;-3.65177038507824;-2.24200766667211;3.48133063573127;0
3.34306388199713;2.83691837916968;-2.74822529354413;-0.916713463254802;4.9486424230302;1
1.74881614846958;-0.880988597988209;2.93107990227691;3.18286741658151;-3.99512610775191;1
2.24965726352751;2.3563892996812;0.0911491738540412;-1.95619310244147;4.24224203672731;1
1.58916395582292;5.79896030426408;-12.9750733644765;-1.45210711063382;-5.56071623619507;0
2.67712499419028;-4.42787283490534;2.28731568720468;0.167630567399397;1.23914735550014;1
0.784503461205708;-0.240762139394938;-1.66481270063316;-4.71505549159984;4.29882745794233;0
8.16699319075335;-3.43922302738389;-2.01299227241172;2.02420863828916;1.08426898763296;1
2.27665745453934;-2.71366096537608;-0.308658909089088;-4.3046058192642;-3.27048093557905;0
-4.78469565980065;1.76902984978296;0.50744081566235;-0.854178667793254;-3.00655580636774;0
2.07192561281736;6.62109811293723;2.83335563373328;5.24956422864455;1.83554919874721;1
2.33689636994338;-0.0672231526076454;1.73810881863713;-0.278282869002382;-1.36572708993814;1
1.45165715511348;3.18376328834427;0.530302502517038;-2.96827887005928;0.783168027582799;1
-0.336980487632207;0.0613450792703095;-1.49727598805439;-2.76049285967331;-1.61802018522241;0
7.92512007367175;4.58125700349571;0.0868037444911655;-1.29608515621675;-1.2482293597383;1
1.53730156929871;-2.56646049413792;-0.621413662220844;-1.6952871537959;-1.23162431113075;0
-0.270556860888738;-3.88200233580469;0.981174684979335;-0.63052945804431;-3.41807657632658;0
1.61499055591104;-2.78975904550119;-8.07949340410344;-0.0919981746358554;4.99561246962117;0
1.06155628036249;2.4617860776592;2.58380974369561;1.47129668330616;5.51593725925542;1
-0.226114554902874;-4.01456525878435;3.68331499460982;-7.69422800856666;-0.299002074526787;0
-3.14743458710189;1.49712594731191;-5.96697669202513;-2.75287553146429;-4.39786692610782;0
-6.72960195415473;3.9286711217074;0.476377532448211;1.30400512033317;0.445118376492251;0
-0.695993882147105;0.190895384227419;-5.44572127155203;0.217551603229573;-0.641900695083531;0
-2.70329600765653;2.65398943725108;0.784415065387263;0.699335931783075;-1.96881121286563;0
0.114970975762587;6.36227677730735;3.77177324485911;1.69278258722874;4.6539695028845;1
1.14722477689761;2.92126953476193;-5.77172456194802;1.59207594037555;-2.90654121571219;0
-0.55336340004075;-1.35313668795464;-3.10009427819139;-1.27055736897232;-4.02534130481913;0
-5.2839353273641;-0.636022141743894;3.55554024809353;0.952908661629014;1.31204112345192;0
-1.98251882948311;2.09327592279071;-0.412433393434906;-1.86323673011267;-1.46217172737523;0
1.98870257828798;3.27300594883483;2.24806185940972;-4.6465024950331;2.06667626160444;1
-1.71384021708265;-0.545341327356356;0.965314512629088;-1.10887413440274;2.98786406957714;1
4.19338038894752;5.45688481909921;0.195770018937818;-2.15791910807378;6.06819299109507;1
1.10455113159782;-5.25186828316204;2.57245784565787;-1.33699292969172;3.24821627612161;1
0.957960609019685;-2.69788148478535;1.33626625976919;-0.33395804142762;1.28222261052614;1
0.635361214173435;1.42748340662882;-3.80683790600128;4.64165534715242;-2.49893714526759;1
-3.21980998686407;-2.64803255686101;-3.14761163917294;-2.99511368809648;2.89352027692186;0
1.11786510344398;-1.5180914632562;1.6212858581514;2.52771952702661;-0.747462963843974;1
4.89615587261273;-0.859353370255589;7.44688896165338;-3.90923315412462;-0.423794379301331;1
-0.156188113419282;-3.06267753673803;-2.18653523554149;2.66411478718489;-0.431362132526392;0
3.16951023803025;-0.339014896573848;-0.780166402099363;1.72966410219245;1.86172968086112;1
3.60524158528203;-1.09777654673608;2.80417026687674;0.991786104850182;-0.367122656635047;1
2.08918055643893;-0.793166739754651;-0.895734302211005;5.90524085872493;3.72646970207996;1
4.08558051410254;3.66914936187004;1.22741930846669;-4.46544014762461;-3.25336491796905;1
2.1013656712852;-0.368056997148669;-2.1212161499906;-0.0344827722217086;-3.19155958301855;0
-2.62015041857327;-0.268288528145939;0.80951690245939;-1.68571962071655;-2.89458244453033;0
-1.26486073826116;-1.26529429642977;-0.382381024327965;-0.435410365405592;-1.59875960718472;0
-1.8234325956768;1.58494749101621;1.10183060907014;1.54480773497774;-0.148350228646959;1
-5.91840620898643;-1.30924989854216;3.40961633875254;-1.19557380381628;1.32468599804172;0
0.925402327576482;0.0407333367859592;1.54962841661711;1.61786671250988;1.48816352597579;1
0.346049871441828;5.62842876809207;-2.26218822225233;-4.62492515894512;1.62236731439508;1
-2.15858448816463;-4.85832674642866;-1.26456568866812;1.91709548737773;3.43514167545527;0
1.63136283743595;0.706362925967722;-1.25328369946712;3.07427661600649;4.48944250814009;1
2.75354416465996;-2.0465589160056;1.339320102282;-0.563539257474112;-2.23571527475625;0
3.18752088538805;3.80349439437226;-1.46489968510866;0.84155029863039;0.567433379014132;1
1.08587836496079;0.800367983896119;3.47924229369371;0.60270866806538;-2.77527608217746;1
2.0876866002978;1.56473958561022;-5.59509231214457;-4.78152756918249;-0.794628665082293;0
1.11991380691524;-0.15039829498623;-4.62694668147288;-3.99837585601647;-3.15119305212887;0
-1.00593493914463;4.74533128082162;0.0824386764077693;7.48720364332635;3.08515246105074;1
-2.42027095415234;3.35998825654568;-5.04768258262308;1.1336746691371;0.208286125596253;0
0.6208604592261;-1.74279000074176;-1.54093319857184;-3.39635946185193;-3.54997528795427;0
1.61447719092187;9.50401408178599;-0.955448858813166;-0.121013326049531;8.20723984233581;1
-0.748464020004603;3.28859600006103;-1.5651413600583;0.164629623966012;-3.42702250150108;0
-5.38950255069898;1.86757620383721;0.527493852517896;-4.34219121121592;-2.13451102582717;0
0.933615815278536;4.30727348627156;6.09400710132098;2.87381448692997;2.34123252579604;1
-3.44381829681168;-3.11739265220596;-2.06083643014269;3.30015027006968;-1.81482519485104;0
-0.41191235085488;-7.16434115283903;6.7667481935655;-2.35730540185403;2.99945443386123;0
-0.568390911077129;-3.41020465233895;1.08995962003857;2.17547319333301;-0.203279498109831;0
-0.435392783974198;6.3975696119929;1.50564662055395;-3.10498795145887;-4.07373230774286;1
0.615649744406186;-1.04369894788954;2.65723685318859;3.14574635488072;2.12265109040606;1
1.57674743260483;-2.61564574635808;-0.436422286006658;-0.927015671649412;2.57701261649022;1
-6.31898594048636;0.871647342872492;-4.25123022625533;-1.52836637189238;4.74774058187867;0
1.29136934040429;-2.64096628051191;5.59587894618688;-0.0323609674112405;3.02181608014652;1
-1.49918834122267;2.60709659837256;-7.52160606234581;-0.751754752790587;-0.588503359690586;0
2.24065227086168;1.43570542072835;2.32197270235034;-2.92278210149586;1.22379110965819;1
-1.08418038832757;-2.41569377648105;-0.440524007487568;-2.01481673321261;0.929538471769671;0
-1.3945684914013;-3.04497553131124;0.766086915133049;-5.74121900233043;-0.418047459424065;0
0.877272602694102;1.15220019908997;1.9219457134327;3.94478955155849;1.71116819134787;1
0.0257459063738646;1.09816397655607;0.640179399653168;0.805141754418722;-1.04327838078199;1
3.50653917118534;0.169549066634199;-1.00913763761498;-0.656732021626051;-1.71726004465222;1
-5.07214363231456;-0.376479930155558;0.0808666714763734;0.0545988260089715;8.90850824948175;1
-2.74120116234598;1.72146651125279;-0.463648945800967;-6.98165445316942;-0.319545246525528;0
3.78532325419992;4.37961786331176;-2.48550593588546;-2.3198493828247;2.88618768335689;1
0.0653053983978773;0.640373106219658;-0.14033583490506;5.27135681732072;1.51126172126656;1
0.65927514375473;0.813203524023398;1.53329722007219;4.95742574838818;-1.984933226549;1
-3.10425447878172;1.845149381029;-0.303460936727482;0.480619119762693;-0.0647117227842904;0
-0.369932368940389;2.24326986742353;1.38292779455423;-5.69493398771608;-1.10890719638979;0
0.706361949951689;-4.78602793357889;-0.657871185083884;1.76151661486694;-4.17530930679237;0
0.933553425652974;2.82048239407672;0.954601978407991;0.557314503112036;6.26932916353842;1
1.94482300042594;-0.985229225226224;0.962495875949674;6.02433456592123;2.58943601407647;1
-2.00245584472266;-1.41229486853611;2.40996756525135;4.10122426886163;3.6056168794888;1
-5.10619368228529;-1.3059816392188;-3.17444983718452;-1.98089123754559;-0.874723937963373;0
-0.737853378548708;3.64216862650528;1.65671598521884;-5.6269474029086;-1.38103112252768;0
3.03432171357792;-1.47491214554296;-1.48723375835152;5.2936289899687;-2.02383341302996;1
3.17569518499544;-3.70640599221868;-2.77996907840902;0.674569060595873;-0.202727714743468;0
-2.75169154060956;0.979203122418096;1.1017236646491;0.988861461595005;2.22830783341033;1
1.30400083197979;-0.702994955770191;-0.8346788993729;-2.9958033797718;2.91149017649566;0
-1.86365288555653;-3.73274735277562;1.08960221528409;3.12686785915651;2.28105930984981;1
3.75872167164417;-1.97757797696772;1.39607405486449;0.881384704325745;-2.62428872166624;1
1.69924904964843;3.65410063835932;-0.351645028489304;1.68642663013231;-10.370882179001;0
-5.79213521140745;-6.23734871295081;3.20382016251558;-0.30723698275536;0.20267701017954;0
-1.58574754550943;3.03639268655315;4.2151837518224;0.00880900391253729;-1.01525784868845;1
0.146515946085564;-0.416333756792626;-2.40653416483163;-2.75735577746914;-7.56201303311235;0
-1.04229557416351;5.43267078628201;3.33615927258233;4.90324247931307;2.84571417476201;1
0.347378898370903;0.455882161799074;0.549456734754927;3.26592278074181;3.17832286293389;1
-2.7552888078402;0.972190662616856;1.59553473553702;-0.228974601734613;-4.59560558286824;0
-3.34435495810217;-5.11461152731801;1.91665968116878;0.111735387870459;4.6734925016206;0
-0.842498116136798;1.82818425430554;1.71297889803528;-2.37387007575908;1.53956827682558;1
-2.46805585983285;-4.20820875374306;1.67193414440124;-3.65711213748503;-1.10887253886914;0
1.98666862192783;-2.91012990042655;-0.999226397617981;-0.992090018001435;2.09268844371051;0
-1.81245824627773;-0.0401384255641399;-1.62959729878028;-2.81233221534626;-4.80114339212744;0
-0.0422584519927434;5.40364452927484;-0.808854687635435;-1.9877583672842;-1.73621955875039;1
-0.368904465072806;6.98025581939284;-1.57430235594011;-2.67081937403402;1.49776680457678;1
0.852154627147494;-2.61506378071398;1.6191711703528;0.033807825412072;-3.72849218865594;0
-1.90709984937442;4.48557752874752;-2.3276786752383;-0.0436263828621764;-2.41943481798789;0
2.78175558626373;0.874365154561566;0.323519490717925;2.28446076986138;0.729428519383993;1
0.157690913303251;1.85788485891181;3.09706807250832;-1.33333378663351;-1.93836035717108;1
1.1530437694573;-0.430750304258112;-3.12901535307844;1.76883768299014;-0.0495903615827238;0
1.5897569346073;1.83880549656853;0.408918723845267;-0.0676119825033646;2.24988410019863;1
2.18114013847737;-3.41294122873807;-0.778750137741257;3.07233231443207;3.99391003238846;1
-0.878164909848149;2.52093454103194;-2.55872775076012;-2.11087424333159;1.5908551977864;0
2.28612860748095;0.676156434464059;-1.68472211534543;3.75758605942525;-1.38747508729805;1
-0.922502372195884;3.62592221630076;0.73423818888955;1.40676152181123;-3.49522777146929;1
1.94489714169938;-0.99142555057578;-2.37102543343517;1.84806666226192;-8.35969048029992;0
-3.27643656084943;2.64960859413068;2.81396129202169;0.796444275612858;-1.11910553980125;1
-4.61984769341549;0.900198635623725;-7.08233357752613;0.527960183372254;-5.17207387406148;0
3.73167032770209;-1.50113682258197;6.5621711638363;-0.780477560458738;1.03231179696731;1
-3.97150416990917;-0.144266777445793;5.09482535903236;-1.08250718645869;-3.92475780540244;0
1.95755208983396;2.28904527081477;1.05488163623961;1.00427942767314;2.1973893586842;1
1.08614589881902;-3.60589714348724;0.0668917437828127;0.284187755776763;2.65740614297489;1
1.51269029747097;-3.35768684110879;-1.34948555821432;-0.141295917221772;-2.64309552680254;0
-0.378768053809088;1.43975731178559;0.855109448596827;-0.258451797847665;-1.58148703147028;1
2.29948234410835;-0.658583735979119;-0.493276877145261;-4.3297573543419;1.8472106217444;0
-2.86694617744014;-5.68376782085548;4.24831982145663;6.16594300496717;-5.45483811065845;0
0.57770472893606;3.14848900852113;2.14086712496945;4.67350256619227;-2.24181682116671;1
9.5511170054277;3.37740067609261;0.0312363519404705;-3.52327631913892;0.095343407773561;1
0.321690721516541;1.5294852405876;-0.451499139815596;0.115064268720422;-1.38533362910199;1
-2.02379192179476;-2.4937329712857;-2.44930002735434;1.9025266706623;-2.45034296930695;0
-2.9139434301497;-4.24640181094234;3.63701580146897;-4.65323440263315;4.76078519244344;0
-3.80628536761763;1.22610494743708;2.2908853130582;8.42997537154751;-1.79624906263782;1
1.87094439642961;3.49447542455707;-5.53439389388388;-0.239191392475842;-1.43931076946906;0
4.76535536375711;0.0791083575876462;1.37847639294289;0.438406763308017;-1.24925758449098;1
-0.354392088115558;-0.977627435133735;-3.34124876730084;-2.55292004207341;0.743020123571911;0
-4.29115662251297;0.862407717115919;-5.89728335267752;3.94359771477786;-1.33869120280964;0
0.989699292245091;1.2844178716026;0.495686029522568;-2.09416648954462;-7.28067733374456;0
2.83579519040951;3.05433958582505;-1.92511002232171;2.78568322641334;-0.0942052699730521;1
-1.62029520192865;4.45432639193758;-0.640698046894022;0.588629178548718;-1.24260712537583;1
-1.48500347956919;3.75582150958058;-3.04727493232758;-1.69480952400199;0.183133501317193;0
-0.506756401067015;-1.54961262166406;-2.11368275811334;-0.469077859282987;-1.55328456802548;0
0.649922552627562;-3.82689552182714;5.70697440457371;-3.01433256371184;-5.26508598796883;0
1.18457826084229;-4.57362461387232;-1.30160330765421;3.64012844391934;-0.800608924347613;0
-5.18410047296811;-7.64199747631054;3.09486547985753;2.26766683748886;0.496689930557834;0
-6.66149078462567;-2.06021738088825;1.71501977815735;-1.85423379103064;-0.108160062341762;0
-1.43920140415474;3.15674033950694;-1.71472096601167;3.30935376073468;-2.06444723458033;1
0.149848822799621;-1.08881782288701;2.46301403860671;-2.54114955557003;-4.70507591238367;0
7.01543238335188;-3.6214768851171;1.16597722719365;0.122434235749293;-3.4471066569343;1
1.95550396288463;-2.7224766047465;2.18555506333405;3.25273108728833;1.10421984177223;1
2.75324147043225;2.42887804703088;3.42621767036264;-0.599342203178199;5.06219285158506;1
-0.876042503709758;-0.508303023798329;0.319984740015159;1.3240409975371;-0.955878295325316;0
-2.00901664730898;-2.38511102509514;-0.914601903050598;-1.90798187718331;0.958464165508772;0
-3.72027799994393;0.554860466208489;-0.319355919045055;2.53798543043141;2.30938605641985;1
3.81606814053923;1.06477188786563;-0.476639648849105;1.7051367317247;0.924543892832397;1
4.44129617759813;-3.0614133270807;-2.28727119597434;2.00563513550243;-1.01280910470716;1
-3.02954306952824;0.974162089028253;-5.16803742016318;0.913722343360846;0.721751485324003;0
0.205031669678082;-1.31921931721373;4.36390141953;0.677435427560308;-2.38922902981642;1
2.99144547172939;0.992468311011996;-0.929665086499489;1.31524910376164;-1.02002219062808;1
1.55474696802596;-3.28247770553595;0.65807890545088;2.04527980508245;-0.101337797368662;1
-0.394560212747014;2.25684382925654;3.48583460209039;4.03988669999147;2.73855297738499;1
-1.01190442741616;4.85712956537584;-2.1906044188551;-1.32869670593401;2.80545799122095;1
0.68243791479025;4.1928003712239;4.12420180480303;3.39867622519196;-2.16642387506393;1
1.70544615004485;2.47117259893307;-1.83615768830955;1.30530469620775;0.891140866993595;1
0.875092708784118;-0.515154884501682;4.76945603745895;5.31831816541351;0.598049962130788;1
3.5575309022523;3.5620804578408;3.95967409024274;-4.35539427993807;-3.74133361723804;1
-3.59907952928494;1.34369157027815;4.91395818891271;2.79187334113448;1.80173246521914;1
-4.58930090722891;-1.57791864435094;3.84944458454802;6.31454666579107;3.67961071985495;1
0.645857829726213;-1.36544563018882;-3.45647356096775;-1.03185946533546;1.33072004388305;0
-1.42888753908427;1.715244051277;0.528575350097907;-1.54523857576466;-4.28969752764861;0
10.4501018730915;-3.54159656824554;-1.70537948970758;5.56736091041322;-0.0368481961087039;1
-1.63328607990606;-0.524266057827542;3.91804734801599;3.87253316924334;-1.52544364574779;1
-0.574138764901442;0.50458043821386;3.84575159891738;-0.587483002740559;-2.77316471619739;1
1.15662831284094;-3.00991492584388;-2.00088652776492;-3.77548430681185;-0.897880141570702;0
3.21861010354537;1.49347965184232;-0.575459665198801;3.09956521730374;1.83534606584537;1
4.60709445278349;0.244089902760813;1.80716681931047;0.525632226536041;-2.95984152719167;1
6.81874792616888;-6.06714544141346;3.17037929903988;2.83402177237752;0.931450274107952;1
4.01427278819278;2.92880125065071;-2.51056147533963;2.57303340122711;-0.981172855840931;1
2.0661655949585;3.01689213008084;-0.944112267517725;3.44741521384437;1.74349838563889;1
0.293771089864156;3.91592989463224;-1.21843082391674;1.21257280923805;-0.556422279617062;1
3.98308044803127;0.101469714131599;-0.936468926181158;-1.18114958790141;1.04025663710078;1
-4.95859789605263;2.35799076529247;-0.476052783333433;-4.08199783539214;1.08564322154015;0
-0.246438962487159;-2.08625990767873;4.11256807591923;-4.45718929621021;-0.838298798017394;0
7.341142661751;-3.13292908833695;-0.286106537765607;-3.70170009219752;1.35430886651782;1
3.22751378986542;-1.42508039615919;2.90514826357841;2.86131283714877;-5.13217442264144;1
-0.779581900364745;1.40918047006621;2.91525133102206;-0.142763119864694;-6.9968966869046;0
-4.65883785889831;-1.0461991008569;4.96437662986341;3.99626387364241;-2.59496905127671;1
-0.335900927602137;7.34509088886457;0.0856975902007943;1.59589935070433;0.0708010908398018;1
2.69239611236315;3.98944216628422;2.30225091804305;1.50602571851874;-0.0262949319453847;1
-2.79137157374751;4.36724010629314;2.74402196891105;-1.66452268821385;-3.45650386423958;0
1.02248760009508;-0.131257030499104;-2.08644091030289;-7.15135540124074;1.98086460931041;0
-0.712907099942912;2.59457923263854;6.11263809226281;-1.00259000805776;-0.92551837886902;1
-0.489621070578503;2.50134105598159;-2.03266903384842;0.760122483724394;0.46950448572412;1
-1.85269850522424;-1.87342517815478;1.19294813811915;1.4924797946942;-2.86221079329722;0
0.577291377289843;-2.2159116640764;1.76612908070257;-3.70051921738333;-6.40484973735563;0
-5.44826805494733;-1.49279882368174;1.41162862326682;1.6205891146641;-3.77301654474905;0
3.55467203634039;0.3845897416312;-1.54989271076144;3.29547982051276;2.07022689532262;1
-3.74751430589788;-0.66523693139135;4.39172682352747;-1.8936906212522;-2.41565464342524;0
5.35884735006035;-0.975767830795197;4.32479120529908;-2.31878167469583;1.39179165121102;1
-0.780406986953795;-5.51848702312793;-6.11900943239476;-9.49778066577687;-4.92392884155997;0
4.03635221707203;-5.90167964011964;2.07233529384575;-4.49283379263522;-0.56573996974523;0
5.25764966169637;-2.28610200756528;1.24274474789001;0.816526155032797;-4.00539558431453;1
-1.37769809477552;-4.48748165405556;1.06665988224921;4.75988144153031;-2.54354954131466;0
5.62161419951752;-1.36167479214342;0.158320931518402;-5.68080895190478;3.77676961231006;1
-5.11794812155198;0.833255585015667;-3.20476278246474;-2.00842377638781;4.31152280949352;0
-2.96900081005519;-2.19942399232564;3.71934691926549;2.69526124704805;0.0846195897847257;1
1.39828164021012;-2.76131100284668;2.43769665843312;-4.82408380111757;5.02482228345026;1
-1.29248297896161;-7.73314007995744;-0.297666627239614;-0.533515574933318;-0.760404541907924;0
-3.57961477410991;-0.276562140305471;-0.673245282591385;4.60191418351107;-2.85759085651601;0
4.12432097892986;-5.08735504936183;-0.379789315131772;6.15787780925971;3.80330803921338;1
3.32298546893908;-2.21128323417699;-8.3493299865953;-0.157846257721738;-0.555322921346388;0
1.26067281110448;1.53091558603214;2.29146083652881;1.94303255771569;0.877835226541717;1
3.78517555133082;-2.03273201578484;-3.55213118447441;-1.91161599237169;2.34872129433426;0
0.862353687671904;-3.00668972838207;-0.909533149765917;-0.336747107329201;-1.68463046996683;0
-1.21020766803482;1.21650432759122;1.71561383490777;1.3340313473224;-0.592572463580124;1
-1.82946336086281;8.9863320672076;-1.31000210720332;1.30749941012549;-0.10897062980681;1
3.9896580671986;0.513771768923451;1.08399397568988;2.17699273017077;4.87471696169778;1
-4.62866260152529;-1.44798999452885;-2.58082082614008;2.97675781305536;2.29800276606772;0
-3.82670236714662;0.813171283691106;2.06559785967505;3.11729198125496;-2.99988455212263;0
-3.36634908654736;-3.7718767078255;-0.987648444114829;0.670104727623263;0.876374038048616;0
-4.38593365141322;-0.0238045099492818;3.15897478050763;-1.29660591664898;1.66399517605522;0
-3.3630436967235;0.380895193732918;-3.13407683138768;-2.08405398346915;-2.00537360121617;0
0.00952698806663275;-1.88013168887618;4.49236515373537;1.85312249495087;0.97438424662008;1
6.35523444006381;-0.214242798608676;1.45382989413478;-6.82995868693459;2.87023957990739;1
1.19582132533486;-0.924543171792884;-1.54414407642382;4.03926423942819;-0.574500744016394;1
-0.24090605676926;1.32513901826557;-0.67100174554094;0.72713734816545;4.41011526829373;1
-2.07549323589246;-3.99528665183333;-4.11281725908045;-3.08733250294597;1.988879501266;0
-0.678375505223784;-1.00239235949089;-3.13832048202255;-0.724889026949472;-0.602391950933285;0
0.667437115299919;-0.0961727734874142;-2.31741954365253;3.27879459511981;-0.516219499089234;1
-2.59726096132027;1.08242721359077;-1.28277512127038;-0.156641698325685;2.59477541980662;0
3.00817748262056;2.17224836997365;-4.19641071264745;-1.2695123335422;-3.44288914900625;0
-0.765405385873867;1.5281789613997;-4.75981553450379;1.96202705362115;3.00039014039241;1
0.866277541391225;-1.0677420890976;1.17786647119788;-4.09819129853918;-0.564384310684688;0
1.1710184278341;-2.85131901413463;3.24440275994379;-4.0150426654543;2.87501247477557;1
3.72468112033971;-0.0685771826586751;-2.91124466872702;-2.10021917696598;0.263736800900409;0
1.5821235734176;-2.04495132805481;2.28389752417572;3.60210126539944;-2.46905790862909;1
-4.43643718395491;2.15845160692266;-3.16986124695493;-1.67476044321629;1.75031339358182;0
5.406494617234;-0.394632926637389;2.94156515470998;-0.264980747806665;-1.62560816764175;1
1.23091010403182;0.780365591212602;0.460684516301831;1.01734479403796;1.09354152650837;1
-1.40048325614776;-1.39161771362692;1.12577771760223;0.154381992521403;-4.54415304389056;0
-1.02850875922077;-3.77797241274833;-0.591886964458293;-1.78888823274067;1.0637989006753;0
1.03687217527414;1.6756725265869;-0.487234030029599;3.31753309981491;-5.35912469427775;1
-2.12634162404243;4.08030139881;0.869275344658152;-2.01490598890031;-2.01825949153613;0
-0.99871114331445;-0.340183930383994;-1.17907859939039;-2.55661432104698;1.1654986320978;0
-4.71840178522971;4.00182714981286;0.0702864983567802;2.35671493288214;-3.98367948151863;0
-2.70758647949731;-1.86872116364474;-1.20782289762136;0.264039288311815;-2.62770542260594;0
1.52586137368488;-1.70045150098016;-6.15001838326583;-2.78478765750066;5.55140920244759;0
-1.89582339462372;1.01086541585028;-0.348168385213184;-6.17547252832977;-0.409632753872698;0
2.75579820128378;-1.86382627530472;3.63551598640251;2.4634018143863;0.647768512981776;1
5.02008694078765;0.219028765692172;5.41748605354796;-3.38707420614971;-3.64643043401075;1
-7.455865544291;-0.100078082747062;-7.54121027713098;-3.15133241042411;1.59616417916768;0
-1.35556973134129;0.237563708184762;0.875246802546495;-2.94733650197007;-2.13561739660683;0
0.964873138921641;-4.86490993860759;1.9707914104226;4.31405328199649;1.01604892525679;1
-4.25464731878221;-0.720542051435026;1.33235608404235;-2.82786410053257;5.10233811129515;0
-1.4542751076496;-3.72005686950622;-1.92045538155712;-1.49881577241503;1.50764873742281;0
-4.40296100881019;-0.968042235951436;0.778134263875683;2.11633515817554;-1.52104686670351;0
1.22357549931807;1.46887692515102;-4.36185349759063;-2.10444022000645;-2.49164555451515;0
-2.54960282814871;-0.252119562649477;1.91429726433076;0.715028945768545;-0.705389607911137;0
0.924696279300548;0.582148922478012;-4.6101864700453;-4.67042901145589;0.0842308886896392;0
-0.81603111750195;-5.40420910295045;-0.162991125275202;-0.98947321258424;3.23828642564313;0
1.79298928786637;4.17257893289662;2.90553764254418;0.576668654043716;0.733587341530278;1
-0.0352887244242768;2.08011559032267;2.17889964578719;1.49715223511603;-0.328437523500987;1
-2.91544706645342;3.90634108938316;1.3045631315876;-0.793547969788832;-0.552043198915642;1
-1.11653097352882;-2.77148125607947;3.70111931899679;1.81574652507501;-4.49289868574288;0
1.60363287236177;-3.42903085458331;-1.60859645049341;6.68003077414729;0.142394552815039;1
-1.81086942217294;-0.503626129201677;-0.616715933863844;-0.67249364802198;3.87619128314299;1
0.801712728328726;-4.89068338710329;4.09049303473257;-2.04296086628846;-2.32915899897294;0
-1.36316646801478;-1.19620114048875;1.02691445621583;-5.93777351305198;2.00919241523695;0
0.927938588799659;1.44110570761286;5.78074013945325;-1.10009864409714;0.838146405754285;1
1.32044514186451;0.871359068930459;-4.00783312285428;2.79267682923319;-2.61724020220194;0
0.448486784559609;-0.718334339452159;-4.67111624071568;1.00922657893743;-2.9618952365305;0
-5.08181884259336;1.69461787628821;0.984798750354578;0.536111991206312;11.4528360095046;1
2.419734220828;-0.492910822426286;-4.26026672506198;2.70686997328656;-3.12839431609176;0
-6.86989122511225;-3.26134910262049;1.45116122125593;-0.922919488883468;5.00112696021136;0
-2.02038330779168;0.63021886354233;0.795813794845373;-5.51261449203426;-0.462189413741565;0
-0.0461391762413831;1.57553356536383;3.74805190853156;-4.17938080573744;5.2442472070238;1
4.46174791463894;2.50167470216243;1.39229425144053;0.826707831037785;2.94501099227227;1
1.01339904567871;4.1667947984601;-0.477798537875725;4.27239500761563;0.908356677913971;1
3.35329065007898;-0.987252781230361;-3.30358010026105;-5.12684145739237;3.77549227602148;0
1.68217424733416;4.30710935800395;2.97692010672649;0.763613080998288;-3.04567534405469;1
-0.509603869556629;-0.810587790854843;3.1776329513253;-3.77675281185399;0.129503342021449;0
4.16615859386558;6.61140228589823;4.97599466722416;-5.22062794868599;-4.14013592826106;1
-0.513582565351849;-2.82081940677608;-1.42545333098321;-1.33137219728406;5.12181793011412;0
2.71271531288659;-0.606972427419086;3.44822408097131;4.71469416599862;1.66905175833124;1
-2.30256357109737;11.5080167300551;3.99909994598515;0.248267086320324;-3.09655172325922;1
-1.87026459448039;-4.41295985175679;-0.57770544860426;0.198698914076271;2.3804159341304;0
1.8597213574549;2.29920773055776;-2.76014907445375;2.85969642391675;4.10215574311368;1
1.93802024234261;-0.212563255156596;-7.90672100028665;3.14193742544457;-1.86256976747888;0
2.56818160602857;-3.75709207895843;2.1496602439454;2.63215115153769;-1.95786978938326;1
1.40786139943008;-1.51421272968175;0.331490283002208;0.866742539871274;0.427618107555321;1
-3.29943859446639;0.0641636414684175;0.467512986932521;2.11703468414602;-0.295794938560932;0
3.39163108065511;2.75702205149972;-0.870958925235552;-1.80605976712756;-0.951885721201239;1
1.88429090886035;4.46806095297473;1.01127094388618;0.999593532843916;2.35830935431425;1
6.97200458670628;0.704421088993781;-0.418613109495132;-0.522704356424965;-1.07613272498743;1
3.92016920649999;2.27818953924317;-0.626901436095258;1.48197788130536;4.49044052717112;1
0.413483455384014;0.33618055729848;2.63479922408227;-0.0475103188638371;-2.37135213509688;1
2.44003194936176;1.02329098379419;-2.96060772715872;-0.378902179346985;2.76915762744159;1
1.81511714436864;-0.0477876839105631;1.52655952886873;-2.34575302983983;-3.16272866157335;0
4.49220871430589;1.14532889386787;-3.62196930309584;-3.08810733238411;-4.37599913254473;0
-4.08208519999086;-0.716229246092184;0.641555289609854;-0.492931388411514;0.472664527052756;0
-1.75222469234345;0.251792592394691;2.43660282511498;-4.19447089410889;-2.22160597867981;0
4.26145774016239;4.85653479907912;-4.66619385388018;3.20647385547414;1.82934442638298;1
0.489827419814508;0.610948350878113;1.94377583755326;7.35738692384035;-0.357219110563193;1
6.03858117750596;0.390026961230444;-1.40114251130576;1.39181516292607;-0.421323157990998;1
-4.83950279513599;0.070091608591262;-1.95494495064738;-0.553642772861887;1.35095152213615;0
2.35461249979371;-2.97089081192659;-0.288960080323169;3.53610852836412;-0.154996500129396;1
1.3087314159121;-0.973349691229058;-0.0918668273885334;0.457708255852319;-0.794403639631609;0
-2.41818717512616;0.89649210919572;-4.59227624394316;-0.462278444469618;-2.42513898060574;0
-2.00996364936574;2.25739459806173;-0.349944622859504;4.22857091365967;-0.791101179537801;1
-2.23461913913761;-3.81504990582134;2.42911594090556;-0.0235822972079002;-5.11556372005401;0
-0.977237834788356;1.22203311465186;1.14105601546478;-3.56886320012015;-1.77220566075829;0
5.15452507976773;2.83733319118645;0.950543336727066;-1.16283014808464;-1.12396125883155;1
-1.58240265562809;2.57180363301809;1.02521776776763;0.622696602518064;2.25874854042663;1
0.512816965004253;-2.44273904085625;-0.501361722902425;0.970067728691664;1.40800261604548;0
-0.686629055588492;0.321162406960522;-4.76281416344547;1.47813285562013;-1.46547861516532;0
2.28669560744639;1.96673362648003;1.94870133186659;2.53819169518008;2.11164362668635;1
2.63897875618538;-1.13086041601155;0.386841293326334;1.80227521874738;-3.8658723166281;0
0.582188610440003;3.89728642075918;-2.1391655732851;-1.10834129246995;-3.35409733279455;0
-1.98738993758508;0.842087794240596;2.77993711398487;5.06285490286162;-0.165473978214824;1
0.863270445560316;0.0606054542581755;1.95621575628489;3.71942551656771;-2.70127713537826;1
2.58256903449203;-2.86124705163958;-3.3290430314675;-1.40622186344667;8.21461848310014;1
-3.97827110829917;-0.380497321701987;-1.23031154890431;-3.77255134959688;-5.249504741507;0
2.44119791849799;-1.5645297139154;-0.325714650048056;-0.438637319428923;-1.01247437490214;0
-1.72742725206169;-2.54821390190546;-0.361630219407638;0.223430623831443;1.49760217195226;0
-0.890336475663345;2.43329189046776;-1.61703553839078;-1.34399059582382;-5.908868843328;0
3.36485373830942;-0.386098461310489;8.05254594012342;-4.08863504590872;-1.8319739792058;1
-1.64311416337511;0.543549882801402;2.9439794388537;2.58320081402041;2.08358224701907;1
2.08674203884627;0.627236572560246;2.91261337772068;-1.7358741769725;-3.07362325805055;1
-2.26186315404316;2.80667912141896;4.00110291027409;-1.45776768882914;-2.58824805597446;1
1.18693154639502;3.66911037350363;-0.235610066795162;0.150738647681517;-3.81916921196183;1
-0.835919177387849;0.21901715425265;-2.24145782708591;-3.31473890271305;2.83942314996294;0
-1.73823364812783;-1.12477937625386;2.36449099391395;-0.77204740547545;7.77708907687793;1
-1.74203463004427;0.374502613875958;2.70708605348184;3.90198835681027;3.17745003346302;1
3.30222735955684;5.13774845669864;-4.23639460640195;1.78812580250568;5.99577330346521;1
1.69782177639862;-2.76351953379286;2.24600631106356;5.74022786828441;-2.83002625733358;1
-0.380902497552251;-1.5686816407844;7.72060431411318;5.31408413108262;-1.54505989418747;1
-1.54024276029991;-0.205308202424984;-2.4845807297127;4.83261888587812;-0.887994780417587;0
2.76087665489155;-0.524224273511804;4.25332181880302;-2.39439399504387;-1.21094561038868;1
-1.01759240187553;-0.511686810442593;1.38019572044418;1.4518292748595;-4.51487891985683;0
1.49689527040838;0.0316460333872856;-2.99571899529052;-4.1144238002773;-1.49426534709291;0
-0.609058266090642;-1.55768972435311;0.815760813462906;4.51945812218403;3.28629887130588;1
0.301032100964046;-3.26403098788183;0.541362134966123;0.652959838514491;3.09687108407568;1
-3.39943197934003;2.17875120765327;-1.20968663216382;2.46557361409613;-3.50246516838095;0
0.490337017099015;-1.20046962176703;-3.05505918234456;-0.19543000558285;-4.12768292316034;0
-0.437437491002446;-5.5110975464634;1.34632733903394;-3.08017576329732;0.0887785771356617;0
-5.54061919181905;-1.57978395399347;1.21303790220854;0.832449861747401;5.97827920423643;1
2.84478497225951;-3.32900523183178;1.46598706920228;1.36487935597184;0.0194256643406835;1
0.76733543305549;4.80102562013192;-5.63215065432215;-1.74140444069081;-0.425990785426235;0
-0.3894079026746;2.87887829852687;0.0837402829442684;-1.32554216271124;2.8913384819438;1
2.64048164263032;-3.56525806230163;0.570909577535841;4.40461048028649;2.8673854887975;1
-0.238984964123027;-2.84901352396567;-3.27416415009835;3.42617186106161;0.466495825485088;0
-0.34997444898401;2.0814283927951;2.74308075823866;-1.68118130308472;-1.124433798407;1
-3.67986163209994;-0.60376750032099;4.96432110792062;4.46252860174831;-3.89856510303927;1
0.280288515804525;0.87156658803088;0.50537680254;-3.30492915971728;1.29945969703414;0
-1.5289636516568;1.33678753871507;-1.34484345447832;-2.54694104205599;5.38011815361508;1
-1.62386482367581;-0.511735132381736;2.65746387015374;-6.6881769773261;1.881938333417;0
-3.4078807465298;-0.000379257211228232;-2.09196458927758;-3.95982165435094;5.79875065623107;0
-1.01464425857063;-0.768111069403008;3.78025881172149;-0.711019118343422;-2.40499929829012;0
0.845914452669612;-1.94272441029964;-5.10917995051977;-0.370839848773768;4.6895332495183;0
-0.69457109784763;1.88179434934641;-1.52384014177105;4.54571284518252;-6.5405182594005;0
-1.2236733028073;-0.03556523308645;-4.33136509331598;4.75777973584622;-4.01714348255905;0
1.10395094612599;0.969788638470941;-5.29044926982692;0.449292704401221;1.07664670809833;0
5.0309709321827;2.18682441051221;1.06919957008005;-5.10113171266415;-0.242696179734693;1
4.71408750180117;-1.76913144437392;2.14776052999773;1.94927088800176;-0.230802818672783;1
-2.75375584301414;-0.263679578660618;1.22487150122802;1.43957687252117;-4.0780283466709;0
-1.33635903064859;4.56020294479631;3.16328168916922;4.20250561178985;-5.06465114694767;1
-0.93459668902862;-1.66480293274405;-5.25711073790677;-2.16918247596628;0.481262903197443;0
0.679177680422017;-4.61321084966908;-1.23238184307811;-3.94418104769743;0.466236615840531;0
0.519714617611263;-0.183371541237637;-2.41234395756056;1.60986905199305;-4.23384684353556;0
-2.00506608701718;1.73465087966709;0.905412274867;-0.105759317918883;-1.4489898497943;0
-0.41793745805347;-1.16085282008556;-0.155165094284814;-2.61151191550876;2.4511848964217;0
0.727514939643864;3.69769295868822;-4.61262108865852;2.37071572092837;0.479162825601779;1
1.16266359826083;3.84517079503778;-0.739091459310882;-0.185468173297786;0.589715174112189;1
-0.820245231058277;-0.454725569576275;2.16803034637865;-0.245738922269204;-2.37693288661236;0
1.03016187953957;1.12646612741622;1.20830875802333;3.98523262066836;0.598452443628131;1
0.311406996558388;0.721273152288161;0.7065978578011;-4.62279153852387;2.01751177958139;0
-0.817043253823714;1.42728147488124;1.72874474477304;-1.75507516534751;-0.879996486188558;0
-1.48020615532829;1.7148668615154;-3.37917443956972;2.05083724765711;-5.74050173015487;0
-5.14084374688244;1.56119549417797;-2.21530527535255;1.46144690842761;1.40188637899188;0
-6.5591658639491;-3.17167890160725;-5.43208539574005;-4.92713056897288;-0.461737456709029;0
-0.948946754215514;-0.393786731010584;-5.60882740283058;-0.050106388849492;-1.86631528798672;0
1.42877060778994;-1.49936725678834;-0.979964556697698;2.9218371866821;-3.58024011381023;0
-3.29207255839326;2.13977973862138;-2.89531793613346;2.02869613876484;4.4741347033547;1
-3.60589468881319;-4.09456514495563;-0.770813258620425;1.62088809577044;-0.335892030430796;0
-1.18023412039915;1.11011679023332;-3.72360893913559;-0.4600281372609;-1.51182573676929;0
-2.79338228735029;1.9977135372675;4.22792187488854;2.21514911423192;-2.26146993521659;1
-4.57848277961062;1.6169769298869;-2.41345018560594;-2.05569094127147;-0.0148451890006549;0
2.2232762171395;0.10590468045855;1.84206476828538;0.988361343483228;-4.22159170014692;1
1.80128270851319;-4.18456184606716;-1.13860580536084;2.84282595712661;1.36056423349524;1
0.677422258718684;1.73634068422268;-3.45799238985516;-1.25712921172171;0.474411789037499;0
1.69478214971958;3.62736838890209;0.306255338488058;3.49436135322324;-1.16918130289474;1
2.80189336423693;3.26592332379661;-7.30220959181895;-0.480606144200919;-6.25590363792462;0
-2.79413014649157;2.37001160882952;3.44928181752392;3.28077416919439;0.699486344289222;1
5.40363654129208;4.03777637355308;-2.35145723724292;-2.98632620803637;4.50023357904193;1
-1.4948637506152;-4.5943184483167;0.746389153216093;-5.3374043039544;-1.24894168114531;0
5.99838478564363;-3.19557208090343;-0.379606437394787;-0.33925318075399;0.584224085931634;1
4.52878100542532;-1.75313902561793;0.999747798876263;-6.27681105283967;-4.4591360436005;0
3.01130473353445;-2.35308024606348;0.336709699642388;-0.933907328990277;-0.524380476775367;0
-1.97449446727195;0.315171349137939;0.388185646409738;1.24915466011798;0.413237012552594;1
-1.63995750643427;-3.48031247517104;0.596848460557698;-1.77401173572533;-4.05267155446543;0
2.12188275683058;-0.773474042242741;4.96169265840331;3.74211982597759;1.76895117198719;1
-1.69743443498373;-5.02559624517598;3.96228848005954;8.80062012112364;-5.49573118878971;1
1.7450515240484;0.47798932628127;-2.61548034700022;2.599967428668;-3.38415621327658;0
-1.78795730985567;1.56235865194029;0.973522783290527;-4.75137351867673;-3.06114718044297;0
0.927077056347415;1.88326774017959;-1.90940993622961;-0.259237406674428;4.4712111848296;1
-4.80039121529291;-0.0661537601978692;-3.78398811858221;2.44016999766495;-1.98215739804292;0
3.05066530197975;-2.36709280852577;-1.3155502969167;-0.991765106643582;-1.69612901064739;0
1.99121110058307;-0.330874121775092;4.601970273241;6.02917389599652;2.69321115229398;1
-2.20471140868204;-4.15132394685868;3.68878624092711;0.0451818819030078;-0.638381563358111;0
0.192821846292503;2.56814408005975;-2.35324433034242;-1.49550258475873;0.0604140631700332;0
5.4265382966099;-5.62748873744349;3.4611390749093;4.51417595790669;-2.6403811888976;1
-0.944305738130061;-0.118682345715017;0.544860189132949;3.84726048092153;-5.15639043589695;0
2.74393815285809;7.40893885277772;-2.04663043630612;2.9518955143269;-0.558063433745712;1
2.78775811211621;5.32336489490475;-4.25124145698386;-2.69235565170787;1.48332384994012;1
1.44552616003589;2.71991972444097;3.90140390268113;-2.29968848710674;2.03023773869249;1
2.02812405013682;0.354540982546638;2.98218152736889;-1.2394778964639;2.27781455700654;1
0.261149216727312;0.0537032228040286;3.6645325542776;-2.08755268791574;3.65850056972385;1
1.67106467886131;-1.01361797186618;2.81572647056144;-1.10343518741616;0.525196492723269;1
-1.97597566690004;-2.82421949479964;-5.13843733436126;0.685653826086489;0.413026459566066;0
1.65112208569151;-2.2100511388477;-1.06870811825573;1.04986999734071;3.96111079863342;1
-5.86502326273799;1.61924214995134;5.98651966679549;1.09963080970876;0.75960648089575;1
0.00582272640586446;3.115990080601;-2.75614386313466;-1.93055813705504;-0.740102487419803;0
0.891129357341663;1.63456821254627;2.24342332276659;2.12038453905538;-3.9175222025936;1
-1.50962911435871;-2.57163300666273;-1.98620186533333;-5.41740024415564;0.0498255109422037;0
6.39394635799404;2.68154992078488;-1.16969942094594;-5.30061342719163;-0.762790722146648;1
-3.24587334934791;-6.24156438912535;-5.95251201379276;-4.06100017398549;0.729263788875908;0
-0.693522464052367;1.77457269992593;-1.38069706844017;-0.724032580253298;1.34939319995717;1
-8.1408557812037;-2.73124117147512;0.811823350560365;2.13516104814534;-0.782065229965247;0
-1.93242137255588;6.04681088160724;2.29071180791677;-4.05488961372066;-2.4006094558823;0
4.19940190884163;-0.974747038035112;-4.04059952721374;-1.36144732407074;0.666067960519235;0
-5.14151740227207;-2.76438740470679;1.07151091790781;1.75877667409901;2.14568523348007;0
-1.63495858507828;1.78675362956462;-3.47507677728307;3.13296193210952;-0.222877329553304;0
-1.6035564860772;-0.636509263814549;-6.06074268267262;1.62308162872544;1.13602222142019;0
1.31067012470357;-3.63969377095322;-0.114043803407435;-0.476711652797252;-5.83256258507255;0
1.77150346382346;-5.76788988467784;-3.24080703919861;2.84084371641264;0.0170455027355561;0
1.59367720854674;7.04891085424152;2.00393585978494;2.17330548390755;1.12074758005053;1
3.06122745222286;0.395497801474746;-2.09529623332157;-4.66620414532621;-1.50550073677065;0
-5.54316300472483;0.476080445174044;-0.307029902725754;-2.80912506443464;3.28817248353422;0
-1.91994529768984;-0.23939840994346;7.39218652747291;-0.99169249225444;1.98952766156704;1
1.29852601643647;1.20251911235257;0.160040872351575;-2.43822363394965;1.25153930042207;1
-1.61079303318095;1.03968106045595;-2.53343434329558;0.0797148034904393;-1.31414814197731;0
-0.526128252815128;-3.12471338051407;0.784863249001403;2.0804854601227;2.78217596403867;1
-12.5150550608952;1.38550928157772;1.54325235393813;-1.43153277732015;-1.76678469922023;0
-1.22865671752832;1.59010184072841;0.644774677955366;-3.7163600278451;1.54665632158564;0
-0.167628029623627;-0.0708732835565222;4.60713658508048;-3.44479814278163;1.97943809989976;1
4.57657746140753;0.856491581423339;2.3860322358837;-0.0624228751549433;0.618529814989168;1
-1.10927637799422;-0.818820875685365;1.86961572241236;5.66717404309603;-2.85857228210727;1
-3.03170272473717;2.42139642042318;-3.87835013901958;4.03932618872334;0.189876641230125;0
1.85216281696895;0.676185728478233;0.645962442121623;-0.781337230243871;-3.27158562981715;0
-7.93873298480303;0.264840931493928;0.642322131500954;-5.4862838086116;3.05271980498267;0
-1.32999695142613;-3.44442573758445;-4.1229785869068;1.7270207387496;-4.53287817292954;0
2.21109356056018;-3.7447242352933;-0.903740789484839;-6.00194927508118;1.85686617722028;0
-7.61177479531939;3.75108546488992;0.430171383543581;0.0895758198800924;-4.75153587770814;0
-1.09750865842077;-0.773191837131087;9.48316673707852;4.39207782278264;3.00221956074301;1
-2.15188772000689;-3.18502225372325;0.988637341545345;4.35952796434058;-5.82181622004969;0
0.593566130654726;0.393470732079027;-0.469999789031826;2.91422855667593;-0.562353344919382;1
-1.12725097638972;0.871868402160751;-1.38598790655598;1.3166648633743;0.0781328402713474;0
-0.685950173921738;2.81485989770899;-4.08184989834711;1.00778286777371;-3.49746015118024;0
2.11176767754047;-2.3500402051673;-2.72969078440686;0.461604815080837;4.80655983184826;1
0.347749178948918;4.62341924188634;-2.12081214098709;1.49369802163935;1.68476445598905;1
-6.97409667089889;3.5829370206368;2.54956513345158;1.82727878864371;5.59015155137115;1
-4.3097906600452;2.92041968584048;-1.41915349253232;0.0679195175311587;-4.54404602217599;0
1.38340679048422;4.26175903203337;-7.04977467256025;3.11844808308711;1.44438135577897;1
2.38370485050079;3.75142973239964;-2.57999996533453;-3.36410970623505;-1.2399055442231;0
-0.825382101003754;-2.37963998734354;2.70880123216789;0.824661408257128;1.48779745762197;1
-1.72948724553247;1.5603583107311;1.84387738539762;-2.07522873024343;1.87502584027726;1
4.06095133468803;-0.281641475143322;-3.49381290350327;1.49906343613127;1.31491393612917;1
-2.56667127719427;-4.47638436251813;2.30512371160359;0.132578124326841;-6.64964677572533;0
1.50659089649194;0.0170216714105642;3.85700787702582;1.99848332707599;1.10193572129324;1
-2.21797373610638;-1.09184525575432;8.50992333057373;6.61753125217315;-0.50086470466013;1
-3.05389313801114;2.22648743632603;-5.18785374650438;4.31874773736521;-3.68033450456145;0
-0.229083868251508;-1.86106502754808;-3.65904982749043;4.09480100541318;-7.41592564347293;0
0.502572441441391;-2.4457912929778;-4.89018393913506;-1.53314862668692;5.36869448877905;0
0.489673840590672;-5.75111103089719;-5.05697960495468;0.315840152293978;-3.2398452852891;0
-1.47602856034166;1.6000025268027;0.246942727289718;1.46011842823546;-1.87884328841465;0
-2.44897337247537;-0.523245140939219;-2.80638298057691;2.32928815572832;-1.45306145979877;0
-1.0822453706803;0.645561928866462;2.28949939630911;-1.94853487793857;0.207022710720598;1
-1.36984630999541;-1.83687604902583;-0.998090191851849;-1.6368943118147;3.84167138819337;0
-1.45446937510092;-1.417054231846;2.4833126523057;-4.02917904192379;0.983983337352753;0
5.87519869133383;-3.05877150153692;-2.2029475412389;6.02573084815457;2.17989824075789;1
-3.41027072371498;-3.69094447283511;-1.32180194506311;-2.62853098586465;-1.63574896075345;0
-1.06532063175403;2.6259107648349;-1.49210469577847;-3.85905416670192;2.06469518233744;0
1.57944434014688;-0.653230524656655;-0.979463770665193;1.61367584963552;-1.52231031044619;1
2.74789063366126;2.21031920010819;5.38204728876885;-0.376487749381005;-0.879033215203432;1
-3.95186432360351;0.547249717119086;-4.21811154509242;3.82277771360919;-2.24953338728684;0
-5.85031628052973;-1.67937410344891;4.10886241466917;-0.304514223159927;2.49036241661776;0
-5.66563424454573;0.421057731706255;0.113914905166915;-3.77850680346943;-0.426451963638196;0
-2.15256567290908;1.28545304593097;-4.63709708531092;-0.304388134323642;2.39513852418879;0
1.68773702663452;2.56889639510823;-0.285837630563072;0.982064092145343;3.66344023306711;1
5.17394560804713;4.89900636824158;-6.27502111798496;0.0879423522586013;0.80430528756909;1
2.82896696273952;-5.91406025551172;1.08844764972098;2.23300083035705;-1.26508587874527;0
-1.6782248080857;2.36671238518358;0.950085751278035;0.438799526732368;1.55204286386205;1
-1.16672489599325;1.78355216373971;0.197652394451885;4.22187719646866;-4.35724867304503;1
0.284169190327624;1.5080025691153;-0.941230977244236;1.86998148977548;-0.905334125381198;1
-3.24842430785818;2.39553381143608;5.1897549526161;-6.53161899126755;0.334677598390967;0
-0.0180015786232875;0.537150593883984;2.31758722955277;3.49259178680078;-1.21910702137209;1
-5.20100949388848;-2.99743304616226;2.51819515118278;2.26958525555571;-3.88592561684412;0
-3.66009175653137;-3.21451399402561;3.99145664814967;2.16470104660677;1.62656755748486;1
-1.83878630377769;-6.28331547906278;3.06944031475579;-0.651018851643926;-0.423799938960015;0
2.37384273011418;-7.23713824123037;2.074244445634;-0.401253586864494;-3.42997712296285;0
0.609626099466028;0.387303280041099;-1.49652166922683;2.67204820740888;-1.58119291661572;1
4.49789695866867;2.8759013232174;1.48518869437234;1.11282511304473;-2.23607783151532;1
0.489615513781381;3.32688548343931;-3.45060713520408;-1.39702714456261;2.46196686283836;1
0.14762845725712;-3.13345022136261;1.09152750250078;-0.172177481333032;0.36420404865055;0
-1.14905207889353;4.09803309337604;-0.192639951858611;-0.8658176782817;1.19187946444501;1
-3.21189069921883;-0.775920489631495;4.70674218677559;-1.87313548575052;1.05935851240034;0
1.18997535493644;0.615644154409683;-2.5652329836877;-2.79652666599532;-0.905961536237529;0
2.32339035857926;-1.69484577037722;-1.78042802395423;-0.287707379859995;0.676218423777864;0
1.24272005828955;-0.26086067722559;3.39263368832288;4.07182064399553;1.83439524126071;1
5.23357439424162;-4.08796718691966;-0.818825863740037;0.802273515804363;-0.132309537214617;1
-7.47721115624468;-2.51962637411434;-2.3028119280283;-1.23222921446345;0.22781970694994;0
-1.61688438621392;6.71629812743584;6.41518130169909;-3.01191448808912;3.85283597357166;1
-1.95983124236577;0.096661731895379;0.499067331165916;0.230770367421643;-3.22329206648324;0
4.94095109448527;-2.84066702878957;0.0250709708709957;-4.60136980046621;-3.5605538528639;0
0.0697251325493326;1.24548352477348;2.37209292165376;3.10031606199058;-0.300091318186072;1
-2.31464306880456;-0.77840456820574;0.14590674098501;0.420759580754385;0.690572676454361;0
3.77769477800692;-0.316224375865765;-3.86903063018863;7.74494823776658;1.61042484117788;1
-0.259914943251444;-1.38852862006441;-1.42390736472772;1.97188242276956;-1.89494536353659;0
-1.64156957691275;-1.95579113293818;5.26012273816528;3.7169073765666;0.753042472562936;1
0.688596022910491;-0.913906232347088;3.30009963567288;4.44800080555163;-3.75278722623475;1
1.27164125911217;0.0649067542166289;-4.13050932816553;0.181886669894224;3.33766593882858;1
4.04436269044367;0.983588860226737;-0.76996173139611;3.75328529395882;-6.76173997066672;1
-2.2074276037272;-0.412079124278606;2.2641947858432;-0.926157886901716;1.3141190859485;1
-3.39445315616553;0.489792277111203;2.44119782770774;-4.1501481264253;-1.66806698489851;0
-0.66899138464238;-2.14163860827531;-0.259730293005188;-0.437877662971513;2.77662515876351;0
3.11945232913512;-5.03721956568343;-6.55598150930505;2.98934428763832;0.432194108355017;0
0.352444420553979;1.68336924223458;0.435080809019739;-1.93079476445834;3.67142137852555;1
-7.17855155642275;-0.228429616766575;3.84280030585058;0.21627220512762;2.02616271783501;0
-0.508810640558954;-1.63374517138083;-1.75980456862592;4.90901952134577;-1.43419216161221;0
-3.72864862446378;-0.914593651177682;0.725456012219085;-3.09974645295868;1.82792083550032;0
-0.753171925045422;-2.37833163992955;-0.317685866161974;1.20525741875043;-2.23723022061562;0
7.21261391383006;5.20603876921752;-0.0609735180711874;-4.36965482613026;0.947946214569548;1
0.268587020260511;1.03482113666194;-1.34198496066067;1.65957255318459;-1.32640485202645;1
-0.523501702317635;4.09550192795677;-2.51607725305539;1.86936677680993;-2.11774103427205;1
2.27706738315345;2.53555140948465;1.17337640094282;0.0327790422594281;2.91341446553159;1
-5.1741253135832;1.88262957267049;3.72987244212866;-3.25113190086754;1.24255455865652;0
4.67536096809883;3.09136945367784;1.70814318125019;0.104665290822567;-1.49798943522245;1
0.153057706290924;3.05111910051131;-2.20093682076613;-1.53786852118416;-0.718285804469244;0
-7.03991582998625;0.971079085468508;-6.69904654353577;-2.96266307449005;-4.57903330513127;0
-2.64690365592283;0.305164334370842;0.794017964914988;0.771393226156449;-0.852659855238008;0
-2.14962863076423;2.82610813639932;5.34076168206041;1.27009786299931;1.16789677634759;1
3.90063943941352;1.53974809744999;-1.89517964198988;-0.48736507175697;3.51598738522107;1
0.638265497661927;2.89889712458515;4.23514936365017;-2.97297234116936;0.441792705050299;1
3.1668662241194;-3.82855261381675;1.31448896059063;-3.86859193918267;2.08814588306386;0
4.76929434513862;1.7417262907028;-1.02381304616276;7.03016089047208;-0.820015646934528;1
1.60518881125405;4.30458787567185;4.66828371270402;-3.02781557101857;-1.02098748071723;1
4.28715583210348;3.58957527496746;1.49508987595655;1.70924289432763;-0.279019723591702;1
-0.919833928388452;3.22294725044955;-1.40972316557079;0.781364763101666;-3.0351333773134;0
0.579154778136798;4.67568144650806;-1.72190991442641;3.14610439583026;4.1062238209507;1
-0.697923946262739;1.68603727969136;0.438625126195953;-2.49352145777046;2.78328183378971;1
2.68866443832273;-2.68898484456391;-0.725490138397207;5.20185655026615;1.87636514859314;1
8.8682944123189;4.85916358107816;-6.56380891283585;-4.07715759581603;1.00159930014399;1
1.37104701691356;-2.25093726102771;-6.87306469955105;-2.03541258071057;1.64129349895004;0
0.864717704195681;-3.75933131098593;-3.36580807255719;-2.65253064776715;2.86952791767064;0
4.89047092287588;2.37974435481916;-1.40082751512495;1.42323644165139;3.02396939926696;1
-0.649056848407812;8.57722811149072;3.28606673023364;-2.43894846736859;2.218216148511;1
-1.39851447577229;-6.44072534199183;6.69544428343433;0.922339212744649;2.91934647873596;1
-1.55680339750206;6.36042187785276;-2.7706616086545;-0.0732777143327364;1.73901192316243;1
-1.72760294457883;0.374715685483559;-4.35960087361683;0.611023530015971;-4.33065567196904;0
-1.08887097809319;0.0216734617143597;2.92729940338295;3.78448537895248;1.88058883590966;1
-0.282324087198763;-0.531721591626757;2.32109904554066;-3.47335743524187;3.00485841946216;1
-3.3361837385731;-4.63311977473175;4.0488806337772;-4.32092639297203;-4.26659711862159;0
-1.87679071791806;3.59503404368674;0.480666175312988;-2.3352522925255;3.2025651812098;1
-1.11702807317283;1.00603589554785;-1.19253321272524;-2.47950254380465;-1.61008313012475;0
1.20921994431719;-0.963058288129519;0.875117119206611;2.5028168889924;2.00893958203292;1
1.12825203487026;-0.596709266876941;3.33340574565619;3.45277494612587;-4.05161797500425;1
-2.99550314688981;-3.72118149610713;0.464041264748348;-1.61516352082344;-1.6060474865803;0
0.112580283834771;1.95069748324651;-0.359749934105004;-4.11880858552816;-0.154267888187825;0
4.95109023644095;-2.44455991857762;1.23483552501894;-0.234994768006228;3.7457209174173;1
3.93943822047155;-2.13655217073377;-0.995414736072003;0.910477579915922;1.84399173511809;1
2.63531134783837;-2.19670942757992;2.49990463712405;0.906609410530648;-2.90038954326968;1
-2.96425602947724;-6.34960529063975;0.504131712817067;0.47670275612711;-6.65749404912626;0
4.25762175682729;-1.08620366470967;-3.72164310026653;0.986562404157362;-2.72976356244469;0
-4.87461383057023;-2.63369934306749;-1.40895581427134;-0.0100549956564826;1.56297157016345;0
6.03040165288831;5.73670519626183;2.8502372161677;-3.34740877145336;-2.10239915941823;1
-1.27429167050657;-2.72220420733596;-1.14792638662656;-2.15282913068368;-1.69391004221681;0
8.43474759631952;1.30188344009782;-1.21813596562214;0.789767262647457;3.14732647253617;1
-0.719516806020342;-1.06542563807827;-1.48940251715392;-2.19249837734007;0.959729624319664;0
-0.58805792241903;1.65587899537457;-2.79516460532267;-6.43894516962072;4.40034879639917;0
2.46137536134166;0.471922257718559;-1.72492391339988;-2.89526886711521;2.45036870429598;1
-8.47185055537601;0.456691315500207;1.41634056905108;2.08169611238027;-0.945325623675773;0
7.08420955201216;0.522763300206263;0.965649063412301;3.64376417976722;3.85115377814258;1
-1.4288101675005;2.36847548483178;-1.22578310154464;-5.45841612137512;2.68107010288601;0
-1.39978039398025;-2.72778903079593;-4.28821851750446;-2.11196813509795;-2.64063243749952;0
-3.43488070141723;-1.04388742912679;0.192011681221163;3.00285125834835;-1.9393469589732;0
-1.58725290303168;6.85235182695152;3.21057164716948;-2.60106222650154;-0.132012139298261;1
1.67794426692874;-7.07709291531831;-3.14561335613124;-3.12815665037841;1.03654464910759;0
5.99614124815977;2.26664651334534;3.85062091378054;1.18638315036472;-3.77163889159779;1
-0.205827520219483;5.62821504184962;-0.223852465884452;-2.07851919040685;0.260892620342487;1
0.956543195767283;4.01914182854815;2.99874673757898;-1.05006338824797;1.61830291167029;1
-3.5089407241612;-1.72650021254335;-6.79183954189608;2.33399031474102;0.0111467288644695;0
-1.40483809373271;-2.81103913938075;-3.4438130946741;-1.82445893754353;-3.12617357871126;0
-0.00906263106084591;-1.97051735909771;2.78896539068827;-2.42097075565573;0.321992254436657;0
-0.561345336954708;-5.9148599449404;2.36861948556252;-0.553843290419322;2.65053431822647;0
-4.76115698948323;2.73197229520972;-2.14412250538941;5.12551350566128;-0.0910137621327542;1
-5.24593250539603;-4.32352803136336;-5.01634557069603;-1.14239856811285;-1.38421038080653;0
0.282843292595117;0.814507444766385;2.72720630158431;-1.18224120127687;-1.30453664060756;1
3.89573217464632;0.341606952508617;-4.8616682035976;-2.02819294152551;-3.39229318346255;0
-6.77377667218251;-4.61773406121871;-1.58374448775707;-0.404165535614564;2.24298577355549;0
-2.45410538422209;3.5535269806883;-3.15220093241928;0.480573703484025;3.46264036280959;1
0.590658250914889;-2.21501652418809;5.28638874149072;-1.90848795612275;-3.78916417258884;0
0.976660603546515;-5.91338186691766;-0.916430774534373;-0.165058899431689;-1.17315092275446;0
-1.5418799832076;2.7568027621816;-0.540964510244367;0.622364850460607;1.13826589725301;1
0.670629301628615;4.94649750741623;-1.25560572368126;-0.956684542847437;-1.35932547456412;1
4.3662585851835;1.66493189673063;-1.37758148399883;-1.32721211190423;-2.08455909824111;1
-2.08312720674742;-2.24068839287446;0.244725554611106;0.375223719238419;-1.76032353943886;0
2.26436995944921;0.0649661987262987;0.406702554322584;-3.562807648251;1.95370534415913;1
0.509671952688318;-6.2799391364663;0.300372810080932;2.59020913029533;0.498278846757089;0
-1.49396012342423;2.93907274570265;5.29157646658748;-3.25364977204007;0.247288661969375;1
-0.847617993559654;-3.65846717593864;0.132574848244224;0.613842840668383;1.43922481651728;0
2.49968054527872;5.82502386565423;-0.192292904702428;4.17303470874074;-4.14550657830487;1
-6.47780808343136;-1.81825152475115;2.91027328900137;0.169699363684527;2.22047359840331;0
0.837692032053846;0.606224896990389;-5.63883347022944;-0.95149441742822;-1.45165727486484;0
0.439008762843261;1.18087575472528;3.16557838654247;1.0855643657424;5.04831603508615;1
2.71174847672996;4.74053645713436;-2.2005460622604;0.866514765597261;3.07497013412109;1
-0.453185444115061;0.111541692054683;-2.53650020460148;1.49713398312458;-5.8823507770803;0
7.913515028136;-2.23034096047784;-3.48448383288812;-0.51336148292731;-1.75056147462089;0
0.892334189869168;0.400972719406896;5.54492976132196;-3.78451726264068;0.13313025535324;1
1.70330054243949;-0.332743376777336;-2.94519789970479;2.98669925083911;0.238173030355946;1
6.0904309396857;-2.83080759211282;3.03331081031297;-1.18151727385058;6.32789512729901;1
0.142579422157856;1.57064753371979;4.62459254120187;-0.182764683532205;4.29084896716651;1
-0.0638821542701878;-0.709056536099185;-0.777525799686431;-1.66282209561777;2.93578960139045;0
-2.42677012650535;-0.0202669788275202;-3.00284506879951;-1.76557678884067;-5.38352973857125;0
-2.66866859654455;3.85764782928108;-7.29278951860813;-1.32606689145159;4.64457309888122;0
7.84971311826075;-0.0829465948236543;2.85849035306492;-4.08464394933878;1.73742729833199;1
5.69933563551103;0.727271246402277;3.76923723198534;1.95328657604805;-1.35404750016949;1
-0.755645569522532;-5.31866858974788;0.155546736410688;2.04831559644235;5.25506300924456;1
-0.492061741063826;-3.52604600257499;-1.20892221847083;-3.66896551995425;-2.73435682454875;0
1.07510166635254;5.66611484140772;-5.99886810353671;-0.986838526526179;2.78592145138373;1
-0.533761772027801;-1.3152467191889;1.63240506687931;1.92942814916615;-4.07521880095697;0
4.88069244890363;0.58018014085209;2.28736727338384;0.309474074848335;0.567205709244362;1
2.05433358388732;-4.81701636447608;-2.91200690830718;3.89489908303274;3.91358074018064;1
3.22572316022624;1.27928669099891;-0.136637666617723;-2.64160265291699;-3.19086008741849;0
-0.789298324201632;0.931841077364986;-1.90492864719621;1.03178639704713;4.43247754713951;1
-1.89732669273392;2.23885837376051;0.200094014391915;-0.411733271382896;0.0712527388802382;1
3.71439993125169;6.65383062306308;-4.89411463796708;0.930137251139208;-0.0223594950314348;1
-1.00117852743757;1.12789154441452;-3.36353342741186;-0.909048448716629;7.79467238750983;1
1.75397315026219;1.56959463434988;-1.8249703015979;4.38673715573216;3.63195336855261;1
-1.74995997871233;-3.35469982294848;0.780870438617132;1.03775904198455;-4.02351841454825;0
2.52148900135776;-1.5790947449569;-7.04075103678761;-1.28964619848146;-0.314219209843034;0
-0.147427403003714;4.35439761160209;-2.40765465615431;3.93486547193462;0.35671456529363;1
0.0714210040621238;2.55338916804589;1.69848906205444;3.73390273431963;-4.56796002650987;1
1.21598105281265;-3.09225402056113;1.23394028699672;-2.11888426175588;3.58519005332391;1
-4.5653709434939;1.03235060292974;-2.91226255760295;-8.69782950484158;-2.10328409438209;0
-6.19081224797247;-1.59751034726361;2.94073996241831;2.77592568221345;-2.35051213013414;0
-5.83162569992689;1.31060314545572;-4.66087397321276;-4.77767607272683;-2.23489752285388;0
-0.355806967658338;-1.12561264802191;-0.900442429997705;0.203446492983747;3.6776431369186;1
-4.2939740295706;-0.582698569209485;-1.53131313407986;-0.0401688230608082;1.18091632837824;0
2.38753148500911;4.10848236388519;0.603464098320772;0.212042985194711;2.50318053233151;1
-4.79324499922724;0.390305856888027;1.17457886241619;-0.845822805096161;2.20614323263026;0
-1.16509421522375;-0.671171623583852;2.24438054065579;1.06471813834601;0.587823862215963;1
-1.34943143404825;-0.210506844441682;-0.8262609084694;-1.12135337165921;-5.1838350900706;0
3.92087086149989;8.66514561118431;-2.1383156446954;-1.7868851678061;0.445073184650836;1
-0.485573800748422;2.90046352550917;4.83618629767651;-0.0504496184558223;-4.99039621288888;1
-1.88962104268307;-0.11506717608061;-0.577023014430355;4.01713998331357;-0.814533623102008;1
-3.42143594404723;-5.21745750526974;-2.88646807746889;5.63728521613609;6.77977024664939;1
-0.947353309088066;2.17921521220364;3.55726868982617;1.87280529159204;-0.763872608979856;1
-1.23919383158518;1.2709519550724;-5.33695010787846;-0.849695480658125;1.0177745047912;0
1.25867124270935;2.04251249026962;4.47589420224725;-0.473825377226886;-0.59997256165708;1
2.11721733448637;-3.9653649670591;-1.20661901255938;-4.60041530036105;1.67520344888401;0
0.888995325341049;1.60570341739153;-1.06743642286752;-0.201550064868951;3.52011592426706;1
8.0005697789311;3.61634125779628;1.55341154539466;1.75850129796804;-2.78574758560196;1
2.9116205429073;0.787060978591109;-0.914958975114751;1.08619154452512;-1.93588137328377;1
-0.754341833923596;0.414549643059072;-1.74194292845143;0.376220577028675;1.97512078309508;1
2.33027202637579;-3.133798252982;-5.21589700958116;-3.43307837616673;3.4512232240411;0
-5.11421733545252;-0.89610760072521;4.04646392344822;-0.161219803180744;-5.72006188240846;0
-1.4955055330627;-5.18661664547689;-1.36262014804234;-2.41264360540527;-0.472510263820743;0
-1.00853484352813;3.64829552026362;-4.65862446232652;-8.06132121268951;-1.25848026720881;0
1.13184042360477;-1.35217619398739;-2.219616783565;-2.20241559847646;3.05213769453288;0
-5.83012305162555;-3.11614854927517;5.72796834374391;4.12161991230414;-1.40539310137841;0
-3.47006273176526;-1.20882265340507;-3.00671361268938;-0.947974062315378;-2.5469058669312;0
-2.09066811533532;5.45711226648456;-0.750536862289494;-1.56041441934918;1.90941000282555;1
-1.19281449950518;-0.229578259163007;-1.13358256610704;2.97316961259794;0.802958846896659;1
1.08358605557475;0.412083103366305;3.92376833443255;-0.0747825973862083;-3.24129991941289;1
-1.68446960187698;0.404991393655136;-1.94399141972923;-5.91795632360348;-5.16205636697683;0
0.453042707211554;0.876656873027871;-0.669314446387478;-2.47453487113144;-3.89374289891092;0
-2.58596199363728;1.8791766867463;-0.24745305470397;2.55930085918676;-2.55717078397579;0
-5.49718072802667;-0.348810573112963;0.251577914517085;-1.95889639502726;-2.91600416156352;0
3.8214139644003;0.373332572927805;-0.865170865890563;-5.58984642271434;-1.66437385157514;0
3.74603618678437;-3.90291168063443;5.09571166665078;-1.60574966178141;5.44619226280584;1
2.59532332781508;1.44099920271427;3.25680606492146;-1.13345461863005;-3.36401787143758;1
0.556918758627451;-0.189504929540944;4.84129089873546;-1.21211293434324;-0.268648731297095;1
-5.94949504380956;-4.0236411722773;-2.0466871147747;1.57982218963378;5.25114836698562;0
-0.289152212596874;-1.19504965309837;4.66330500371969;2.61341964632943;6.46618203274916;1
-3.382749405974;3.11525985652871;1.46436242944275;0.609320951157039;-0.636600835461482;1
1.43873706484599;-0.612430995181433;-0.786462610454952;5.19692608722039;3.34379479050051;1
0.92374994196437;4.86141174280461;3.48308471193415;1.01530447410531;-1.97461294996441;1
2.32956723235365;4.47535392210206;5.12850995074416;2.63799590586641;-3.03581469036092;1
0.940969549574425;1.27792648333479;-2.75884399268033;-1.09037102245652;-0.479238292664558;0
-1.90879715279169;6.27792262505445;-6.34716799579905;-5.55495794806584;-5.16747509163401;0
2.85298033540986;4.19051388135282;6.44925326094002;2.92119667655495;2.11382210582498;1
1.82391188752623;1.7044195742484;1.61818225599969;-4.70580831201525;1.84567252745166;1
-1.96758732515515;-4.3514094910856;1.63665961397495;-0.188252607334106;0.763824175073712;0
-1.8775185302657;-4.74442844155941;0.554474305330982;1.19927418940363;1.27913073083936;0
-4.39179150049669;5.75933862036302;-3.86294707786492;1.2984603457853;-0.908708068254604;0
8.1901226462549;2.62497852468352;-6.23652385369501;6.50906110742633;-1.19179980807266;1
-3.10862368937113;-0.411455002619759;-2.74198503624978;-2.62286817398924;2.20888094107706;0
0.212380357639782;3.80789561875065;-2.81102043206247;-1.52002538918991;2.07545955837609;1
-1.25872059655633;1.08591741723246;-6.97158273243813;3.99996787038504;-0.639630540529343;0
-1.05032862292936;-2.354976178849;-0.721046074235919;-1.03610229955164;0.972266482911321;0
-4.20576527607926;-1.95953726961983;-3.07102887005567;0.175770567581842;-5.36768259517546;0
0.777061791905378;2.37826494399265;-5.23382485688023;2.07889814290732;-2.4179514246973;0
0.296048107919672;1.5916109896531;2.79283352454595;-2.07897539313817;-0.521997719658425;1
1.45267147700245;5.73268179464601;5.95390236986995;2.33570504235419;1.95898998018439;1
7.96412161545004;2.35860010205921;1.72364211949257;2.18708109075741;-0.547442021166671;1
5.13931909181524;-4.67123262229686;6.15884742197029;-3.11405246923068;-0.451662469951553;1
0.231909791607209;4.29144856240559;0.111960136489546;-0.585220161807351;5.26360116582079;1
-4.53678459175475;6.15761727653448;4.01133266777046;-5.31031536453249;0.739447986727352;1
1.52376906134965;-0.408387519382466;1.49399817465229;3.41812121116611;-2.00189333016748;1
3.21668965298005;4.73779461935103;0.869887655319306;1.63295288095732;4.68697357154118;1
1.31135349460613;-0.68842532468884;0.0581371439723627;2.44228935119742;-0.855415485632121;1
-3.74671555365017;3.82449308307036;-2.40236173738979;-1.00642184864794;3.52024378909891;1
4.89559669881271;-1.69084626551398;-6.09597067854985;3.82285440220184;-1.89440528576867;0
2.50630093463583;0.458447388716335;-5.3657103042531;-4.77820555098906;1.3454342942566;0
0.263261552849128;0.611519835172828;0.415591253914321;3.29756630810238;-2.89460523431788;1
0.543040971105113;2.76065085917288;0.967428056930807;0.771969630198556;-0.865252003112752;1
5.3410592421323;0.0192317765025669;-1.37866446617943;-3.40663167427409;-2.63450620306752;0
1.13575842295505;-0.0499009271210651;1.71924569957403;2.7777812668488;-0.628818462252626;1
-2.15014471962063;0.856956103194486;4.33256922296104;-3.53244515610706;-0.958343875039651;0
4.68265082605408;-1.71080884527687;0.781040140115423;-3.70501495728309;1.37608660716605;1
-5.17904823261957;2.78051341987283;5.61873403689242;4.10866362728808;0.126134869249817;1
0.0274637441664556;-5.93517168076338;-1.34817571865479;-0.949940259994788;6.33950392515196;0
0.308813030624539;-2.61366298089149;-4.14479556148927;-4.47865166366817;-1.83184576419012;0
-0.457199420219251;-0.976525037429868;0.107598602988171;-0.942539062896644;1.63353985384552;0
1.39659187772326;4.23532965915445;-0.00410463176915538;-0.55457939849952;2.29052949168145;1
0.0407146071794518;-0.489886398421112;3.25502411937517;-4.55783936379145;-1.05625510749333;0
-2.12818475149734;5.52235693245915;-2.99116938356314;-3.56667391101957;-2.25954309365225;0
3.77913663573026;0.459643312660359;4.84311162275997;-3.54512774866762;-2.17048477942157;1
0.350742766825904;-0.320066714318821;0.102765409438495;-0.236331346975748;-1.53501295759378;0
-0.43984488976979;0.27548221516527;1.49460464387262;0.676836832421365;2.2343692183074;1
-1.8420864465594;-1.27087660665586;3.4975435481054;1.61318732145289;5.21335321100257;1
-3.18429235411124;-0.198987602625689;1.01494835133499;-4.46077204250357;-0.816174292958729;0
1.38814510176895;2.33494232360121;-4.89669925637994;-0.682349793721788;-4.32952262360199;0
-1.36578318590876;-2.78188954637419;-5.27008464671912;-1.8178361826209;2.9842655495513;0
-0.479743927430608;-4.03860217957073;-0.964882061167503;0.599364371730874;-2.42556754259395;0
0.406635033951123;0.130894433425925;-1.36165288717514;5.5620800396303;1.75781576950675;1
-1.39966323004927;4.72757074320254;-0.50919126262628;0.0352746740311419;-3.7901384876197;0
4.1764859787559;2.96296688723341;-1.45422156405113;2.78518132682302;3.91509182637817;1
-5.06019712581683;-1.26166553641332;0.213591556179904;-1.33309329463906;-1.90383776086838;0
0.314968482301787;-2.42805977220839;-2.14959341644726;-1.20336147536895;-0.956850704265736;0
1.52378308227964;0.289293145069379;-0.699845199376363;1.64719568193963;-2.22877674344056;1
-0.579411741162452;0.955653388950318;-1.10926618514298;-2.76445340332262;-1.54977127260686;0
3.58112329263803;-1.69910485472834;0.471446749741499;3.66825486620939;1.27085335113807;1
5.32023370349253;-7.7645568200378;-1.21228632093211;1.85858400219893;-6.98896788830171;0
1.68424366046968;1.02809198967664;1.94206830645495;-1.69677074614501;-1.77448040924552;1
-9.56669317803923;-1.20151585900611;0.9862424399974;-1.79229433230635;-2.29638488151081;0
-3.98647220734992;-1.74876058634903;-0.185794986536191;-2.55476051631098;-4.14196156402603;0
-1.61864098739035;-4.91835120267568;-2.29397243558528;2.06208879694712;0.0889051104737868;0
0.684110571659234;2.04534662359468;1.75038015894647;2.12716284895372;-3.31667825572327;1
-0.601517924458781;2.84736356236518;-2.017902071242;-2.09412986421499;-3.21181639976088;0
0.0403974594068715;-1.14623191415642;2.94504186100505;3.45981997928271;3.48050899021054;1
1.16049001359672;-6.06569390747149;-3.64414109796404;-0.155231775794518;1.47808175891156;0
2.74321077063425;-1.06540477671516;-0.177648063353635;7.63545827518477;-3.34723300674827;1
0.89870777709451;1.42265129876896;2.52725786698165;-0.223249573924529;-6.0709300221889;0
7.07029437278425;3.49751577265914;1.94467081442551;0.511255567357784;-0.32646403343396;1
-3.93642448015454;-2.63962683085856;1.97306509758661;1.77648607086176;0.742226942325314;0
